timestamp,W
1632960060,0.0
1632960120,0.0
1632960180,0.0
1632960240,0.0
1632960300,0.0
1632960360,0.0
1632960420,0.0
1632960480,0.0
1632960540,0.0
1632960600,0.0
1632960660,0.0
1632960720,0.0
1632960780,0.0
1632960840,0.0
1632960900,0.0
1632960960,0.0
1632961020,0.0
1632961080,0.0
1632961140,0.0
1632961200,0.0
1632961260,0.0
1632961320,0.0
1632961380,0.0
1632961440,0.0
1632961500,0.0
1632961560,0.0
1632961620,0.0
1632961680,0.0
1632961740,0.0
1632961800,0.0
1632961860,0.0
1632961920,0.0
1632961980,0.0
1632962040,0.0
1632962100,0.0
1632962160,0.0
1632962220,0.0
1632962280,0.0
1632962340,0.0
1632962400,0.0
1632962460,0.0
1632962520,0.0
1632962580,0.0
1632962640,0.0
1632962700,0.0
1632962760,0.0
1632962820,0.0
1632962880,0.0
1632962940,0.0
1632963000,0.0
1632963060,0.0
1632963120,0.0
1632963180,0.0
1632963240,0.0
1632963300,0.0
1632963360,0.0
1632963420,0.0
1632963480,0.0
1632963540,0.0
1632963600,0.0
1632963660,0.0
1632963720,0.0
1632963780,0.0
1632963840,0.0
1632963900,0.0
1632963960,0.0
1632964020,0.0
1632964080,0.0
1632964140,0.0
1632964200,0.0
1632964260,0.0
1632964320,0.0
1632964380,0.0
1632964440,0.0
1632964500,0.0
1632964560,0.0
1632964620,0.0
1632964680,0.0
1632964740,0.0
1632964800,0.0
1632964860,0.0
1632964920,0.0
1632964980,0.0
1632965040,0.0
1632965100,0.0
1632965160,0.0
1632965220,0.0
1632965280,0.0
1632965340,0.0
1632965400,0.0
1632965460,0.0
1632965520,0.0
1632965580,0.0
1632965640,0.0
1632965700,0.0
1632965760,0.0
1632965820,0.0
1632965880,0.0
1632965940,0.0
1632966000,0.0
1632966060,0.0
1632966120,0.0
1632966180,0.0
1632966240,0.0
1632966300,0.0
1632966360,0.0
1632966420,0.0
1632966480,0.0
1632966540,0.0
1632966600,0.0
1632966660,0.0
1632966720,0.0
1632966780,0.0
1632966840,0.0
1632966900,0.0
1632966960,0.0
1632967020,0.0
1632967080,0.0
1632967140,0.0
1632967200,0.0
1632967260,0.0
1632967320,0.0
1632967380,0.0
1632967440,0.0
1632967500,0.0
1632967560,0.0
1632967620,0.0
1632967680,0.0
1632967740,0.0
1632967800,0.0
1632967860,0.0
1632967920,0.0
1632967980,0.0
1632968040,0.0
1632968100,0.0
1632968160,0.0
1632968220,0.0
1632968280,0.0
1632968340,0.0
1632968400,0.0
1632968460,0.0
1632968520,0.0
1632968580,0.0
1632968640,0.0
1632968700,0.0
1632968760,0.0
1632968820,0.0
1632968880,0.0
1632968940,0.0
1632969000,0.0
1632969060,0.0
1632969120,0.0
1632969180,0.0
1632969240,0.0
1632969300,0.0
1632969360,0.0
1632969420,0.0
1632969480,0.0
1632969540,0.0
1632969600,0.0
1632969660,0.0
1632969720,0.0
1632969780,0.0
1632969840,0.0
1632969900,0.0
1632969960,0.0
1632970020,0.0
1632970080,0.0
1632970140,0.0
1632970200,0.0
1632970260,0.0
1632970320,0.0
1632970380,0.0
1632970440,0.0
1632970500,0.0
1632970560,0.0
1632970620,0.0
1632970680,0.0
1632970740,0.0
1632970800,0.0
1632970860,0.0
1632970920,0.0
1632970980,0.0
1632971040,0.0
1632971100,0.0
1632971160,0.0
1632971220,0.0
1632971280,0.0
1632971340,0.0
1632971400,0.0
1632971460,0.0
1632971520,0.0
1632971580,0.0
1632971640,0.0
1632971700,0.0
1632971760,0.0
1632971820,0.0
1632971880,0.0
1632971940,0.0
1632972000,0.0
1632972060,0.0
1632972120,0.0
1632972180,0.0
1632972240,0.0
1632972300,0.0
1632972360,0.0
1632972420,0.0
1632972480,0.0
1632972540,0.0
1632972600,0.0
1632972660,0.0
1632972720,0.0
1632972780,0.0
1632972840,0.0
1632972900,0.0
1632972960,0.0
1632973020,0.0
1632973080,0.0
1632973140,0.0
1632973200,0.0
1632973260,0.0
1632973320,0.0
1632973380,0.0
1632973440,0.0
1632973500,0.0
1632973560,0.0
1632973620,0.0
1632973680,0.0
1632973740,0.0
1632973800,0.0
1632973860,0.0
1632973920,0.0
1632973980,0.0
1632974040,0.0
1632974100,0.0
1632974160,0.0
1632974220,0.0
1632974280,0.0
1632974340,0.0
1632974400,0.0
1632974460,0.0
1632974520,0.0
1632974580,0.0
1632974640,0.0
1632974700,0.0
1632974760,0.0
1632974820,0.0
1632974880,0.0
1632974940,0.0
1632975000,0.0
1632975060,0.0
1632975120,0.0
1632975180,0.0
1632975240,0.0
1632975300,0.0
1632975360,0.0
1632975420,0.0
1632975480,0.0
1632975540,0.0
1632975600,0.0
1632975660,0.0
1632975720,0.0
1632975780,0.0
1632975840,0.0
1632975900,0.0
1632975960,0.0
1632976020,0.0
1632976080,0.0
1632976140,0.0
1632976200,0.0
1632976260,0.0
1632976320,0.0
1632976380,0.0
1632976440,0.0
1632976500,0.0
1632976560,0.0
1632976620,0.0
1632976680,0.0
1632976740,0.0
1632976800,0.0
1632976860,0.0
1632976920,0.0
1632976980,0.0
1632977040,0.0
1632977100,0.0
1632977160,0.0
1632977220,0.0
1632977280,0.0
1632977340,0.0
1632977400,0.0
1632977460,0.0
1632977520,0.0
1632977580,0.0
1632977640,0.0
1632977700,0.0
1632977760,0.0
1632977820,0.0
1632977880,0.0
1632977940,0.0
1632978000,0.0
1632978060,0.0
1632978120,0.0
1632978180,0.0
1632978240,0.0
1632978300,0.0
1632978360,0.0
1632978420,0.0
1632978480,0.0
1632978540,0.0
1632978600,0.0
1632978660,0.0
1632978720,0.0
1632978780,0.0
1632978840,0.0
1632978900,0.0
1632978960,0.0
1632979020,0.0
1632979080,0.0
1632979140,0.0
1632979200,0.0
1632979260,0.0
1632979320,0.0
1632979380,0.0
1632979440,0.0
1632979500,0.0
1632979560,0.0
1632979620,0.0
1632979680,0.0
1632979740,0.0
1632979800,0.0
1632979860,0.0
1632979920,0.0
1632979980,0.0
1632980040,0.0
1632980100,0.0
1632980160,0.0
1632980220,0.0
1632980280,0.0
1632980340,0.0
1632980400,0.0
1632980460,0.0
1632980520,0.0
1632980580,0.0
1632980640,0.0
1632980700,0.0
1632980760,0.0
1632980820,0.0
1632980880,0.0
1632980940,0.0
1632981000,0.0
1632981060,0.0
1632981120,0.0
1632981180,0.0
1632981240,0.0
1632981300,0.0
1632981360,0.0
1632981420,0.0
1632981480,0.0
1632981540,0.0
1632981600,0.0
1632981660,0.0
1632981720,0.0
1632981780,0.0
1632981840,0.0
1632981900,0.0
1632981960,0.0
1632982020,0.0
1632982080,0.0
1632982140,0.0
1632982200,0.0
1632982260,0.0
1632982320,0.0
1632982380,0.0
1632982440,0.0
1632982500,0.0
1632982560,0.0
1632982620,0.0
1632982680,0.0
1632982740,0.0
1632982800,0.0
1632982860,0.0
1632982920,0.0
1632982980,0.0
1632983040,0.0
1632983100,0.0
1632983160,0.0
1632983220,0.0
1632983280,0.0
1632983340,0.0
1632983400,0.0
1632983460,0.0
1632983520,0.0
1632983580,0.0
1632983640,0.0
1632983700,0.0
1632983760,0.0
1632983820,0.0
1632983880,0.0
1632983940,0.0
1632984000,0.0
1632984060,0.0
1632984120,0.0
1632984180,0.0
1632984240,0.0
1632984300,0.0
1632984360,0.0
1632984420,0.0
1632984480,0.0
1632984540,0.0
1632984600,0.0
1632984660,0.0
1632984720,0.0
1632984780,0.0
1632984840,0.0
1632984900,0.0
1632984960,0.0
1632985020,0.0
1632985080,0.0
1632985140,0.0
1632985200,0.0
1632985260,0.0
1632985320,0.0
1632985380,15.0
1632985440,35.0
1632985500,9.0
1632985560,0.0
1632985620,0.0
1632985680,0.0
1632985740,0.0
1632985800,0.0
1632985860,0.0
1632985920,0.0
1632985980,0.0
1632986040,0.0
1632986100,0.0
1632986160,0.0
1632986220,0.0
1632986280,0.0
1632986340,0.0
1632986400,0.0
1632986460,0.0
1632986520,0.0
1632986580,0.0
1632986640,0.0
1632986700,0.0
1632986760,0.0
1632986820,0.0
1632986880,0.0
1632986940,0.0
1632987000,0.0
1632987060,0.0
1632987120,0.0
1632987180,0.0
1632987240,0.0
1632987300,0.0
1632987360,0.0
1632987420,0.0
1632987480,0.0
1632987540,0.0
1632987600,0.0
1632987660,0.0
1632987720,0.0
1632987780,0.0
1632987840,0.0
1632987900,0.0
1632987960,0.0
1632988020,0.0
1632988080,0.0
1632988140,0.0
1632988200,0.0
1632988260,0.0
1632988320,0.0
1632988380,0.0
1632988440,0.0
1632988500,0.0
1632988560,0.0
1632988620,0.0
1632988680,0.0
1632988740,0.0
1632988800,0.0
1632988860,0.0
1632988920,0.0
1632988980,0.0
1632989040,0.0
1632989100,0.0
1632989160,0.0
1632989220,0.0
1632989280,0.0
1632989340,0.0
1632989400,0.0
1632989460,0.0
1632989520,0.0
1632989580,0.0
1632989640,0.0
1632989700,0.0
1632989760,0.0
1632989820,0.0
1632989880,0.0
1632989940,0.0
1632990000,0.0
1632990060,0.0
1632990120,0.0
1632990180,0.0
1632990240,0.0
1632990300,0.0
1632990360,0.0
1632990420,0.0
1632990480,0.0
1632990540,0.0
1632990600,0.0
1632990660,0.0
1632990720,0.0
1632990780,0.0
1632990840,0.0
1632990900,0.0
1632990960,0.0
1632991020,0.0
1632991080,0.0
1632991140,0.0
1632991200,0.0
1632991260,0.0
1632991320,0.0
1632991380,0.0
1632991440,0.0
1632991500,0.0
1632991560,0.0
1632991620,0.0
1632991680,0.0
1632991740,0.0
1632991800,0.0
1632991860,0.0
1632991920,0.0
1632991980,0.0
1632992040,0.0
1632992100,0.0
1632992160,0.0
1632992220,0.0
1632992280,0.0
1632992340,0.0
1632992400,0.0
1632992460,0.0
1632992520,0.0
1632992580,0.0
1632992640,0.0
1632992700,0.0
1632992760,0.0
1632992820,0.0
1632992880,0.0
1632992940,0.0
1632993000,0.0
1632993060,0.0
1632993120,0.0
1632993180,0.0
1632993240,0.0
1632993300,0.0
1632993360,0.0
1632993420,0.0
1632993480,0.0
1632993540,0.0
1632993600,0.0
1632993660,0.0
1632993720,0.0
1632993780,0.0
1632993840,0.0
1632993900,0.0
1632993960,0.0
1632994020,0.0
1632994080,0.0
1632994140,0.0
1632994200,0.0
1632994260,0.0
1632994320,0.0
1632994380,0.0
1632994440,0.0
1632994500,0.0
1632994560,0.0
1632994620,0.0
1632994680,0.0
1632994740,0.0
1632994800,0.0
1632994860,0.0
1632994920,0.0
1632994980,0.0
1632995040,0.0
1632995100,0.0
1632995160,0.0
1632995220,0.0
1632995280,0.0
1632995340,0.0
1632995400,0.0
1632995460,0.0
1632995520,0.0
1632995580,0.0
1632995640,0.0
1632995700,0.0
1632995760,0.0
1632995820,0.0
1632995880,0.0
1632995940,0.0
1632996000,0.0
1632996060,0.0
1632996120,0.0
1632996180,0.0
1632996240,0.0
1632996300,0.0
1632996360,0.0
1632996420,0.0
1632996480,0.0
1632996540,0.0
1632996600,0.0
1632996660,0.0
1632996720,0.0
1632996780,0.0
1632996840,0.0
1632996900,0.0
1632996960,0.0
1632997020,0.0
1632997080,0.0
1632997140,0.0
1632997200,0.0
1632997260,0.0
1632997320,0.0
1632997380,0.0
1632997440,0.0
1632997500,0.0
1632997560,0.0
1632997620,0.0
1632997680,0.0
1632997740,0.0
1632997800,0.0
1632997860,0.0
1632997920,0.0
1632997980,0.0
1632998040,0.0
1632998100,0.0
1632998160,0.0
1632998220,0.0
1632998280,0.0
1632998340,0.0
1632998400,0.0
1632998460,0.0
1632998520,0.0
1632998580,0.0
1632998640,0.0
1632998700,0.0
1632998760,0.0
1632998820,0.0
1632998880,0.0
1632998940,0.0
1632999000,0.0
1632999060,0.0
1632999120,0.0
1632999180,0.0
1632999240,0.0
1632999300,0.0
1632999360,0.0
1632999420,0.0
1632999480,0.0
1632999540,0.0
1632999600,0.0
1632999660,0.0
1632999720,0.0
1632999780,0.0
1632999840,0.0
1632999900,0.0
1632999960,0.0
1633000020,0.0
1633000080,0.0
1633000140,0.0
1633000200,0.0
1633000260,0.0
1633000320,0.0
1633000380,0.0
1633000440,0.0
1633000500,0.0
1633000560,0.0
1633000620,0.0
1633000680,0.0
1633000740,0.0
1633000800,0.0
1633000860,0.0
1633000920,0.0
1633000980,0.0
1633001040,0.0
1633001100,0.0
1633001160,0.0
1633001220,0.0
1633001280,0.0
1633001340,0.0
1633001400,0.0
1633001460,0.0
1633001520,0.0
1633001580,0.0
1633001640,0.0
1633001700,0.0
1633001760,0.0
1633001820,0.0
1633001880,0.0
1633001940,0.0
1633002000,0.0
1633002060,0.0
1633002120,0.0
1633002180,0.0
1633002240,0.0
1633002300,0.0
1633002360,0.0
1633002420,0.0
1633002480,0.0
1633002540,0.0
1633002600,0.0
1633002660,0.0
1633002720,0.0
1633002780,0.0
1633002840,0.0
1633002900,0.0
1633002960,0.0
1633003020,0.0
1633003080,0.0
1633003140,0.0
1633003200,0.0
1633003260,0.0
1633003320,0.0
1633003380,0.0
1633003440,0.0
1633003500,0.0
1633003560,0.0
1633003620,0.0
1633003680,0.0
1633003740,0.0
1633003800,0.0
1633003860,0.0
1633003920,0.0
1633003980,0.0
1633004040,0.0
1633004100,0.0
1633004160,0.0
1633004220,0.0
1633004280,0.0
1633004340,0.0
1633004400,0.0
1633004460,0.0
1633004520,0.0
1633004580,0.0
1633004640,0.0
1633004700,0.0
1633004760,0.0
1633004820,0.0
1633004880,0.0
1633004940,0.0
1633005000,0.0
1633005060,0.0
1633005120,0.0
1633005180,0.0
1633005240,0.0
1633005300,0.0
1633005360,0.0
1633005420,0.0
1633005480,0.0
1633005540,0.0
1633005600,0.0
1633005660,0.0
1633005720,0.0
1633005780,0.0
1633005840,0.0
1633005900,0.0
1633005960,0.0
1633006020,0.0
1633006080,0.0
1633006140,0.0
1633006200,0.0
1633006260,0.0
1633006320,0.0
1633006380,0.0
1633006440,0.0
1633006500,0.0
1633006560,0.0
1633006620,0.0
1633006680,0.0
1633006740,0.0
1633006800,0.0
1633006860,0.0
1633006920,0.0
1633006980,0.0
1633007040,0.0
1633007100,0.0
1633007160,0.0
1633007220,0.0
1633007280,0.0
1633007340,0.0
1633007400,0.0
1633007460,0.0
1633007520,0.0
1633007580,0.0
1633007640,0.0
1633007700,0.0
1633007760,0.0
1633007820,0.0
1633007880,0.0
1633007940,0.0
1633008000,0.0
1633008060,0.0
1633008120,0.0
1633008180,0.0
1633008240,0.0
1633008300,0.0
1633008360,0.0
1633008420,0.0
1633008480,0.0
1633008540,0.0
1633008600,0.0
1633008660,0.0
1633008720,0.0
1633008780,0.0
1633008840,0.0
1633008900,0.0
1633008960,0.0
1633009020,0.0
1633009080,0.0
1633009140,0.0
1633009200,0.0
1633009260,0.0
1633009320,0.0
1633009380,0.0
1633009440,0.0
1633009500,0.0
1633009560,0.0
1633009620,0.0
1633009680,0.0
1633009740,0.0
1633009800,0.0
1633009860,0.0
1633009920,0.0
1633009980,0.0
1633010040,0.0
1633010100,0.0
1633010160,0.0
1633010220,0.0
1633010280,0.0
1633010340,0.0
1633010400,0.0
1633010460,0.0
1633010520,0.0
1633010580,0.0
1633010640,0.0
1633010700,0.0
1633010760,0.0
1633010820,0.0
1633010880,0.0
1633010940,0.0
1633011000,0.0
1633011060,0.0
1633011120,0.0
1633011180,0.0
1633011240,0.0
1633011300,0.0
1633011360,0.0
1633011420,0.0
1633011480,0.0
1633011540,0.0
1633011600,0.0
1633011660,0.0
1633011720,0.0
1633011780,0.0
1633011840,0.0
1633011900,0.0
1633011960,0.0
1633012020,0.0
1633012080,0.0
1633012140,0.0
1633012200,0.0
1633012260,0.0
1633012320,0.0
1633012380,0.0
1633012440,0.0
1633012500,0.0
1633012560,0.0
1633012620,0.0
1633012680,0.0
1633012740,0.0
1633012800,0.0
1633012860,0.0
1633012920,0.0
1633012980,0.0
1633013040,0.0
1633013100,0.0
1633013160,0.0
1633013220,0.0
1633013280,0.0
1633013340,0.0
1633013400,0.0
1633013460,0.0
1633013520,0.0
1633013580,0.0
1633013640,0.0
1633013700,0.0
1633013760,0.0
1633013820,0.0
1633013880,0.0
1633013940,0.0
1633014000,0.0
1633014060,0.0
1633014120,0.0
1633014180,0.0
1633014240,0.0
1633014300,0.0
1633014360,0.0
1633014420,0.0
1633014480,0.0
1633014540,0.0
1633014600,0.0
1633014660,0.0
1633014720,0.0
1633014780,0.0
1633014840,0.0
1633014900,0.0
1633014960,0.0
1633015020,0.0
1633015080,0.0
1633015140,0.0
1633015200,0.0
1633015260,0.0
1633015320,0.0
1633015380,0.0
1633015440,0.0
1633015500,0.0
1633015560,0.0
1633015620,0.0
1633015680,0.0
1633015740,0.0
1633015800,0.0
1633015860,0.0
1633015920,0.0
1633015980,0.0
1633016040,0.0
1633016100,0.0
1633016160,0.0
1633016220,0.0
1633016280,0.0
1633016340,0.0
1633016400,0.0
1633016460,0.0
1633016520,0.0
1633016580,0.0
1633016640,0.0
1633016700,0.0
1633016760,0.0
1633016820,0.0
1633016880,0.0
1633016940,0.0
1633017000,0.0
1633017060,0.0
1633017120,0.0
1633017180,0.0
1633017240,0.0
1633017300,0.0
1633017360,0.0
1633017420,0.0
1633017480,0.0
1633017540,0.0
1633017600,0.0
1633017660,0.0
1633017720,0.0
1633017780,0.0
1633017840,0.0
1633017900,0.0
1633017960,0.0
1633018020,0.0
1633018080,0.0
1633018140,0.0
1633018200,0.0
1633018260,0.0
1633018320,0.0
1633018380,0.0
1633018440,0.0
1633018500,0.0
1633018560,0.0
1633018620,0.0
1633018680,0.0
1633018740,0.0
1633018800,0.0
1633018860,0.0
1633018920,0.0
1633018980,0.0
1633019040,0.0
1633019100,0.0
1633019160,0.0
1633019220,0.0
1633019280,0.0
1633019340,0.0
1633019400,0.0
1633019460,0.0
1633019520,0.0
1633019580,0.0
1633019640,0.0
1633019700,0.0
1633019760,0.0
1633019820,0.0
1633019880,0.0
1633019940,0.0
1633020000,0.0
1633020060,0.0
1633020120,0.0
1633020180,0.0
1633020240,0.0
1633020300,0.0
1633020360,0.0
1633020420,0.0
1633020480,0.0
1633020540,0.0
1633020600,0.0
1633020660,0.0
1633020720,0.0
1633020780,0.0
1633020840,0.0
1633020900,0.0
1633020960,0.0
1633021020,0.0
1633021080,0.0
1633021140,0.0
1633021200,0.0
1633021260,0.0
1633021320,0.0
1633021380,0.0
1633021440,0.0
1633021500,0.0
1633021560,0.0
1633021620,0.0
1633021680,0.0
1633021740,0.0
1633021800,0.0
1633021860,0.0
1633021920,0.0
1633021980,0.0
1633022040,0.0
1633022100,0.0
1633022160,0.0
1633022220,0.0
1633022280,0.0
1633022340,0.0
1633022400,0.0
1633022460,0.0
1633022520,0.0
1633022580,0.0
1633022640,0.0
1633022700,0.0
1633022760,0.0
1633022820,0.0
1633022880,0.0
1633022940,0.0
1633023000,0.0
1633023060,0.0
1633023120,0.0
1633023180,0.0
1633023240,0.0
1633023300,0.0
1633023360,0.0
1633023420,0.0
1633023480,0.0
1633023540,0.0
1633023600,0.0
1633023660,0.0
1633023720,0.0
1633023780,0.0
1633023840,0.0
1633023900,0.0
1633023960,0.0
1633024020,0.0
1633024080,0.0
1633024140,0.0
1633024200,0.0
1633024260,0.0
1633024320,0.0
1633024380,0.0
1633024440,0.0
1633024500,0.0
1633024560,0.0
1633024620,0.0
1633024680,0.0
1633024740,0.0
1633024800,0.0
1633024860,0.0
1633024920,0.0
1633024980,0.0
1633025040,0.0
1633025100,0.0
1633025160,0.0
1633025220,0.0
1633025280,0.0
1633025340,0.0
1633025400,0.0
1633025460,0.0
1633025520,0.0
1633025580,0.0
1633025640,0.0
1633025700,0.0
1633025760,0.0
1633025820,0.0
1633025880,0.0
1633025940,0.0
1633026000,0.0
1633026060,0.0
1633026120,0.0
1633026180,0.0
1633026240,0.0
1633026300,0.0
1633026360,0.0
1633026420,0.0
1633026480,0.0
1633026540,0.0
1633026600,0.0
1633026660,0.0
1633026720,0.0
1633026780,0.0
1633026840,0.0
1633026900,0.0
1633026960,0.0
1633027020,0.0
1633027080,0.0
1633027140,0.0
1633027200,0.0
1633027260,0.0
1633027320,0.0
1633027380,0.0
1633027440,0.0
1633027500,0.0
1633027560,0.0
1633027620,0.0
1633027680,0.0
1633027740,0.0
1633027800,0.0
1633027860,0.0
1633027920,0.0
1633027980,0.0
1633028040,0.0
1633028100,0.0
1633028160,0.0
1633028220,0.0
1633028280,0.0
1633028340,0.0
1633028400,0.0
1633028460,0.0
1633028520,0.0
1633028580,0.0
1633028640,0.0
1633028700,0.0
1633028760,0.0
1633028820,0.0
1633028880,0.0
1633028940,0.0
1633029000,0.0
1633029060,0.0
1633029120,0.0
1633029180,0.0
1633029240,0.0
1633029300,0.0
1633029360,0.0
1633029420,0.0
1633029480,0.0
1633029540,0.0
1633029600,0.0
1633029660,0.0
1633029720,0.0
1633029780,0.0
1633029840,0.0
1633029900,0.0
1633029960,0.0
1633030020,0.0
1633030080,0.0
1633030140,0.0
1633030200,0.0
1633030260,0.0
1633030320,0.0
1633030380,0.0
1633030440,0.0
1633030500,0.0
1633030560,0.0
1633030620,0.0
1633030680,0.0
1633030740,0.0
1633030800,0.0
1633030860,0.0
1633030920,0.0
1633030980,0.0
1633031040,0.0
1633031100,0.0
1633031160,0.0
1633031220,0.0
1633031280,0.0
1633031340,0.0
1633031400,0.0
1633031460,0.0
1633031520,0.0
1633031580,0.0
1633031640,0.0
1633031700,0.0
1633031760,0.0
1633031820,0.0
1633031880,0.0
1633031940,0.0
1633032000,0.0
1633032060,0.0
1633032120,0.0
1633032180,0.0
1633032240,0.0
1633032300,0.0
1633032360,0.0
1633032420,0.0
1633032480,0.0
1633032540,0.0
1633032600,0.0
1633032660,0.0
1633032720,0.0
1633032780,0.0
1633032840,0.0
1633032900,0.0
1633032960,0.0
1633033020,0.0
1633033080,0.0
1633033140,0.0
1633033200,0.0
1633033260,0.0
1633033320,0.0
1633033380,0.0
1633033440,0.0
1633033500,0.0
1633033560,0.0
1633033620,0.0
1633033680,0.0
1633033740,0.0
1633033800,0.0
1633033860,0.0
1633033920,0.0
1633033980,0.0
1633034040,0.0
1633034100,0.0
1633034160,0.0
1633034220,0.0
1633034280,0.0
1633034340,0.0
1633034400,0.0
1633034460,0.0
1633034520,0.0
1633034580,0.0
1633034640,0.0
1633034700,0.0
1633034760,0.0
1633034820,0.0
1633034880,0.0
1633034940,0.0
1633035000,0.0
1633035060,0.0
1633035120,0.0
1633035180,0.0
1633035240,0.0
1633035300,0.0
1633035360,0.0
1633035420,0.0
1633035480,0.0
1633035540,0.0
1633035600,0.0
1633035660,0.0
1633035720,0.0
1633035780,0.0
1633035840,0.0
1633035900,0.0
1633035960,0.0
1633036020,0.0
1633036080,0.0
1633036140,0.0
1633036200,0.0
1633036260,0.0
1633036320,0.0
1633036380,0.0
1633036440,0.0
1633036500,0.0
1633036560,0.0
1633036620,0.0
1633036680,0.0
1633036740,0.0
1633036800,0.0
1633036860,0.0
1633036920,0.0
1633036980,0.0
1633037040,0.0
1633037100,0.0
1633037160,0.0
1633037220,0.0
1633037280,0.0
1633037340,0.0
1633037400,0.0
1633037460,0.0
1633037520,0.0
1633037580,0.0
1633037640,0.0
1633037700,0.0
1633037760,0.0
1633037820,0.0
1633037880,0.0
1633037940,0.0
1633038000,0.0
1633038060,0.0
1633038120,0.0
1633038180,0.0
1633038240,0.0
1633038300,0.0
1633038360,0.0
1633038420,0.0
1633038480,0.0
1633038540,0.0
1633038600,0.0
1633038660,0.0
1633038720,0.0
1633038780,0.0
1633038840,0.0
1633038900,0.0
1633038960,0.0
1633039020,0.0
1633039080,0.0
1633039140,0.0
1633039200,0.0
1633039260,0.0
1633039320,0.0
1633039380,0.0
1633039440,0.0
1633039500,0.0
1633039560,0.0
1633039620,0.0
1633039680,0.0
1633039740,0.0
1633039800,0.0
1633039860,0.0
1633039920,0.0
1633039980,0.0
1633040040,0.0
1633040100,0.0
1633040160,0.0
1633040220,0.0
1633040280,0.0
1633040340,0.0
1633040400,0.0
1633040460,0.0
1633040520,0.0
1633040580,0.0
1633040640,0.0
1633040700,0.0
1633040760,0.0
1633040820,0.0
1633040880,0.0
1633040940,0.0
1633041000,0.0
1633041060,0.0
1633041120,0.0
1633041180,0.0
1633041240,0.0
1633041300,0.0
1633041360,0.0
1633041420,0.0
1633041480,0.0
1633041540,0.0
1633041600,0.0
1633041660,0.0
1633041720,0.0
1633041780,0.0
1633041840,0.0
1633041900,0.0
1633041960,0.0
1633042020,0.0
1633042080,0.0
1633042140,0.0
1633042200,0.0
1633042260,0.0
1633042320,0.0
1633042380,0.0
1633042440,0.0
1633042500,0.0
1633042560,0.0
1633042620,0.0
1633042680,0.0
1633042740,0.0
1633042800,0.0
1633042860,0.0
1633042920,0.0
1633042980,0.0
1633043040,0.0
1633043100,0.0
1633043160,0.0
1633043220,0.0
1633043280,0.0
1633043340,0.0
1633043400,0.0
1633043460,0.0
1633043520,0.0
1633043580,0.0
1633043640,0.0
1633043700,0.0
1633043760,0.0
1633043820,0.0
1633043880,0.0
1633043940,0.0
1633044000,0.0
1633044060,0.0
1633044120,0.0
1633044180,0.0
1633044240,0.0
1633044300,0.0
1633044360,0.0
1633044420,0.0
1633044480,0.0
1633044540,0.0
1633044600,0.0
1633044660,0.0
1633044720,0.0
1633044780,0.0
1633044840,0.0
1633044900,0.0
1633044960,0.0
1633045020,0.0
1633045080,0.0
1633045140,0.0
1633045200,0.0
1633045260,0.0
1633045320,0.0
1633045380,0.0
1633045440,0.0
1633045500,0.0
1633045560,0.0
1633046100,0.0
1633046160,0.0
1633046220,0.0
1633046280,0.0
1633046340,0.0
1633046400,0.0
1633046460,0.0
1633046520,0.0
1633046580,0.0
1633046640,0.0
1633046700,0.0
1633046760,0.0
1633046820,0.0
1633046880,0.0
1633046940,0.0
1633047000,0.0
1633047060,0.0
1633047120,0.0
1633047180,0.0
1633047240,0.0
1633047300,0.0
1633047360,0.0
1633047420,0.0
1633047480,0.0
1633047540,0.0
1633047600,0.0
1633047660,0.0
1633047720,0.0
1633047780,0.0
1633047840,0.0
1633047900,0.0
1633047960,0.0
1633048020,0.0
1633048080,0.0
1633048140,0.0
1633048200,0.0
1633048260,0.0
1633048320,0.0
1633048380,0.0
1633048440,0.0
1633048500,0.0
1633048560,0.0
1633048620,0.0
1633048680,0.0
1633048740,0.0
1633048800,0.0
1633048860,0.0
1633048920,0.0
1633048980,0.0
1633049040,0.0
1633049100,0.0
1633049160,0.0
1633049220,0.0
1633049280,0.0
1633049340,0.0
1633049400,0.0
1633049460,0.0
1633049520,0.0
1633049580,0.0
1633049640,0.0
1633049700,0.0
1633049760,0.0
1633049820,0.0
1633049880,0.0
1633049940,0.0
1633050000,0.0
1633050060,0.0
1633050120,0.0
1633050180,0.0
1633050240,0.0
1633050300,0.0
1633050360,0.0
1633050420,0.0
1633050480,0.0
1633050540,0.0
1633050600,0.0
1633050660,0.0
1633050720,0.0
1633050780,0.0
1633050840,0.0
1633050900,0.0
1633050960,0.0
1633051020,0.0
1633051080,0.0
1633051140,0.0
1633051200,0.0
1633051260,0.0
1633051320,0.0
1633051380,0.0
1633051440,0.0
1633051500,0.0
1633051560,0.0
1633051620,0.0
1633051680,0.0
1633051740,0.0
1633051800,0.0
1633051860,0.0
1633051920,0.0
1633051980,0.0
1633052040,0.0
1633052100,0.0
1633052160,0.0
1633052220,0.0
1633052280,0.0
1633052340,0.0
1633052400,0.0
1633052460,0.0
1633052520,0.0
1633052580,0.0
1633052640,0.0
1633052700,0.0
1633052760,0.0
1633052820,0.0
1633052880,0.0
1633052940,0.0
1633053000,0.0
1633053060,0.0
1633053120,0.0
1633053180,0.0
1633053240,0.0
1633053300,0.0
1633053360,0.0
1633053420,0.0
1633053480,0.0
1633053540,0.0
1633053600,0.0
1633053660,0.0
1633053720,0.0
1633053780,0.0
1633053840,0.0
1633053900,0.0
1633053960,0.0
1633054020,0.0
1633054080,0.0
1633054140,0.0
1633054200,0.0
1633054260,0.0
1633054320,0.0
1633054380,0.0
1633054440,0.0
1633054500,0.0
1633054560,0.0
1633054620,0.0
1633054680,0.0
1633054740,0.0
1633054800,0.0
1633054860,0.0
1633054920,0.0
1633054980,0.0
1633055040,0.0
1633055100,0.0
1633055160,0.0
1633055220,0.0
1633055280,0.0
1633055340,0.0
1633055400,0.0
1633055460,0.0
1633055520,0.0
1633055580,0.0
1633055640,0.0
1633055700,0.0
1633055760,0.0
1633055820,0.0
1633055880,0.0
1633055940,0.0
1633056000,0.0
1633056060,0.0
1633056120,0.0
1633056180,0.0
1633056240,0.0
1633056300,0.0
1633056360,0.0
1633056420,0.0
1633056480,0.0
1633056540,0.0
1633056600,0.0
1633056660,0.0
1633056720,0.0
1633056780,0.0
1633056840,0.0
1633056900,0.0
1633056960,0.0
1633057020,0.0
1633057080,0.0
1633057140,0.0
1633057200,0.0
1633057260,0.0
1633057320,0.0
1633057380,0.0
1633057440,0.0
1633057500,0.0
1633057560,0.0
1633057620,0.0
1633057680,0.0
1633057740,0.0
1633057800,0.0
1633057860,0.0
1633057920,0.0
1633057980,0.0
1633058040,0.0
1633058100,0.0
1633058160,0.0
1633058220,0.0
1633058280,0.0
1633058340,0.0
1633058400,0.0
1633058460,0.0
1633058520,0.0
1633058580,0.0
1633058640,0.0
1633058700,0.0
1633058760,0.0
1633058820,0.0
1633058880,0.0
1633058940,0.0
1633059000,0.0
1633059060,0.0
1633059120,0.0
1633059180,0.0
1633059240,0.0
1633059300,0.0
1633059360,0.0
1633059420,0.0
1633059480,0.0
1633059540,0.0
1633059600,0.0
1633059660,0.0
1633059720,0.0
1633059780,0.0
1633059840,0.0
1633059900,0.0
1633059960,0.0
1633060020,0.0
1633060080,0.0
1633060140,0.0
1633060200,0.0
1633060260,0.0
1633060320,0.0
1633060380,0.0
1633060440,0.0
1633060500,0.0
1633060560,0.0
1633060620,0.0
1633060680,0.0
1633060740,0.0
1633060800,0.0
1633060860,0.0
1633060920,0.0
1633060980,0.0
1633061040,0.0
1633061100,0.0
1633061160,0.0
1633061220,0.0
1633061280,0.0
1633061340,0.0
1633061400,0.0
1633061460,0.0
1633061520,0.0
1633061580,0.0
1633061640,0.0
1633061700,0.0
1633061760,0.0
1633061820,0.0
1633061880,0.0
1633061940,0.0
1633062000,0.0
1633062060,0.0
1633062120,0.0
1633062180,0.0
1633062240,0.0
1633062300,0.0
1633062360,0.0
1633062420,0.0
1633062480,0.0
1633062540,0.0
1633062600,0.0
1633062660,0.0
1633062720,0.0
1633062780,0.0
1633062840,0.0
1633062900,0.0
1633062960,0.0
1633063020,0.0
1633063080,0.0
1633063140,0.0
1633063200,0.0
1633063260,0.0
1633063320,0.0
1633063380,0.0
1633063440,0.0
1633063500,0.0
1633063560,0.0
1633063620,0.0
1633063680,0.0
1633063740,0.0
1633063800,0.0
1633063860,0.0
1633063920,0.0
1633063980,0.0
1633064040,0.0
1633064100,0.0
1633064160,0.0
1633064220,0.0
1633064280,0.0
1633064340,0.0
1633064400,0.0
1633064460,0.0
1633064520,0.0
1633064580,0.0
1633064640,0.0
1633064700,0.0
1633064760,0.0
1633064820,0.0
1633064880,0.0
1633064940,0.0
1633065000,0.0
1633065060,0.0
1633065120,0.0
1633065180,0.0
1633065240,0.0
1633065300,0.0
1633065360,0.0
1633065420,0.0
1633065480,0.0
1633065540,0.0
1633065600,0.0
1633065660,0.0
1633065720,0.0
1633065780,0.0
1633065840,0.0
1633065900,0.0
1633065960,0.0
1633066020,0.0
1633066080,0.0
1633066140,0.0
1633066200,0.0
1633066260,0.0
1633066320,0.0
1633066380,0.0
1633066440,0.0
1633066500,0.0
1633066560,0.0
1633066620,0.0
1633066680,0.0
1633066740,0.0
1633066800,0.0
1633066860,0.0
1633066920,0.0
1633066980,0.0
1633067040,0.0
1633067100,0.0
1633067160,0.0
1633067220,0.0
1633067280,0.0
1633067340,0.0
1633067400,0.0
1633067460,0.0
1633067520,0.0
1633067580,0.0
1633067640,0.0
1633067700,0.0
1633067760,0.0
1633067820,0.0
1633067880,0.0
1633067940,0.0
1633068000,0.0
1633068060,0.0
1633068120,0.0
1633068180,0.0
1633068240,0.0
1633068300,0.0
1633068360,0.0
1633068420,0.0
1633068480,0.0
1633068540,0.0
1633068600,0.0
1633068660,0.0
1633068720,0.0
1633068780,0.0
1633068840,0.0
1633068900,0.0
1633068960,0.0
1633069020,0.0
1633069080,0.0
1633069140,0.0
1633069200,0.0
1633069260,0.0
1633069320,0.0
1633069380,0.0
1633069440,0.0
1633069500,0.0
1633069560,0.0
1633069620,0.0
1633069680,0.0
1633069740,0.0
1633069800,0.0
1633069860,0.0
1633069920,0.0
1633069980,0.0
1633070040,0.0
1633070100,0.0
1633070160,0.0
1633070220,0.0
1633070280,0.0
1633070340,0.0
1633070400,0.0
1633070460,0.0
1633070520,0.0
1633070580,0.0
1633070640,0.0
1633070700,0.0
1633070760,0.0
1633070820,0.0
1633070880,0.0
1633070940,0.0
1633071000,0.0
1633071060,0.0
1633071120,0.0
1633071180,0.0
1633071240,0.0
1633071300,0.0
1633071360,0.0
1633071420,0.0
1633071480,0.0
1633071540,0.0
1633071600,0.0
1633071660,0.0
1633071720,0.0
1633071780,0.0
1633071840,0.0
1633071900,0.0
1633071960,0.0
1633072020,0.0
1633072080,0.0
1633072140,0.0
1633072200,0.0
1633072260,0.0
1633072320,0.0
1633072380,0.0
1633072440,0.0
1633072500,0.0
1633072560,0.0
1633072620,0.0
1633072680,0.0
1633072740,0.0
1633072800,0.0
1633072860,0.0
1633072920,0.0
1633072980,0.0
1633073040,0.0
1633073100,0.0
1633073160,0.0
1633073220,0.0
1633073280,0.0
1633073340,0.0
1633073400,0.0
1633073460,0.0
1633073520,0.0
1633073580,0.0
1633073640,0.0
1633073700,0.0
1633073760,0.0
1633073820,0.0
1633073880,0.0
1633073940,0.0
1633074000,0.0
1633074060,0.0
1633074120,0.0
1633074180,0.0
1633074240,0.0
1633074300,0.0
1633074360,0.0
1633074420,0.0
1633074480,0.0
1633074540,0.0
1633074600,0.0
1633074660,0.0
1633074720,0.0
1633074780,0.0
1633074840,0.0
1633074900,0.0
1633074960,0.0
1633075020,0.0
1633075080,0.0
1633075140,0.0
1633075200,0.0
1633075260,0.0
1633075320,0.0
1633075380,0.0
1633075440,0.0
1633075500,0.0
1633075560,0.0
1633075620,0.0
1633075680,0.0
1633075740,0.0
1633075800,0.0
1633075860,0.0
1633075920,0.0
1633075980,0.0
1633076040,0.0
1633076100,0.0
1633076160,0.0
1633076220,0.0
1633076280,0.0
1633076340,0.0
1633076400,0.0
1633076460,0.0
1633076520,0.0
1633076580,0.0
1633076640,0.0
1633076700,0.0
1633076760,0.0
1633076820,0.0
1633076880,0.0
1633076940,0.0
1633077000,0.0
1633077060,0.0
1633077120,0.0
1633077180,0.0
1633077240,0.0
1633077300,0.0
1633077360,0.0
1633077420,0.0
1633077480,0.0
1633077540,0.0
1633077600,0.0
1633077660,0.0
1633077720,0.0
1633077780,0.0
1633077840,0.0
1633077900,0.0
1633077960,0.0
1633078020,0.0
1633078080,0.0
1633078140,0.0
1633078200,0.0
1633078260,0.0
1633078320,0.0
1633078380,0.0
1633078440,0.0
1633078500,0.0
1633078560,0.0
1633078620,0.0
1633078680,0.0
1633078740,0.0
1633078800,0.0
1633078860,0.0
1633078920,0.0
1633078980,0.0
1633079040,0.0
1633079100,0.0
1633079160,0.0
1633079220,0.0
1633079280,0.0
1633079340,0.0
1633079400,0.0
1633079460,0.0
1633079520,0.0
1633079580,0.0
1633079640,0.0
1633079700,0.0
1633079760,0.0
1633079820,0.0
1633079880,0.0
1633079940,0.0
1633080000,0.0
1633080060,0.0
1633080120,0.0
1633080180,0.0
1633080240,0.0
1633080300,0.0
1633080360,0.0
1633080420,0.0
1633080480,0.0
1633080540,0.0
1633080600,0.0
1633080660,0.0
1633080720,0.0
1633080780,0.0
1633080840,0.0
1633080900,0.0
1633080960,0.0
1633081020,0.0
1633081080,0.0
1633081140,0.0
1633081200,0.0
1633081260,0.0
1633081320,0.0
1633081380,0.0
1633081440,0.0
1633081500,0.0
1633081560,0.0
1633081620,0.0
1633081680,0.0
1633081740,0.0
1633081800,0.0
1633081860,0.0
1633081920,0.0
1633081980,0.0
1633082040,0.0
1633082100,0.0
1633082160,0.0
1633082220,0.0
1633082280,0.0
1633082340,0.0
1633082400,0.0
1633082460,0.0
1633082520,0.0
1633082580,0.0
1633082640,0.0
1633082700,0.0
1633082760,0.0
1633082820,0.0
1633082880,0.0
1633082940,0.0
1633083000,0.0
1633083060,0.0
1633083120,0.0
1633083180,0.0
1633083240,0.0
1633083300,0.0
1633083360,0.0
1633083420,0.0
1633083480,0.0
1633083540,0.0
1633083600,0.0
1633083660,0.0
1633083720,0.0
1633083780,0.0
1633083840,0.0
1633083900,0.0
1633083960,0.0
1633084020,0.0
1633084080,0.0
1633084140,0.0
1633084200,0.0
1633084260,0.0
1633084320,0.0
1633084380,0.0
1633084440,0.0
1633084500,0.0
1633084560,0.0
1633084620,0.0
1633084680,0.0
1633084740,0.0
1633084800,0.0
1633084860,0.0
1633084920,0.0
1633084980,0.0
1633085040,0.0
1633085100,0.0
1633085160,0.0
1633085220,0.0
1633085280,0.0
1633085340,0.0
1633085400,0.0
1633085460,0.0
1633085520,0.0
1633085580,0.0
1633085640,0.0
1633085700,0.0
1633085760,0.0
1633085820,0.0
1633085880,0.0
1633085940,0.0
1633086000,0.0
1633086060,0.0
1633086120,0.0
1633086180,0.0
1633086240,0.0
1633086300,0.0
1633086360,0.0
1633086420,0.0
1633086480,0.0
1633086540,0.0
1633086600,0.0
1633086660,0.0
1633086720,0.0
1633086780,0.0
1633086840,0.0
1633086900,0.0
1633086960,0.0
1633087020,0.0
1633087080,0.0
1633087140,0.0
1633087200,0.0
1633087260,0.0
1633087320,0.0
1633087380,0.0
1633087440,0.0
1633087500,0.0
1633087560,0.0
1633087620,0.0
1633087680,0.0
1633087740,0.0
1633087800,0.0
1633087860,0.0
1633087920,0.0
1633087980,0.0
1633088040,0.0
1633088100,0.0
1633088160,0.0
1633088220,0.0
1633088280,0.0
1633088340,0.0
1633088400,0.0
1633088460,0.0
1633088520,0.0
1633088580,0.0
1633088640,0.0
1633088700,0.0
1633088760,0.0
1633088820,0.0
1633088880,0.0
1633088940,0.0
1633089000,0.0
1633089060,0.0
1633089120,0.0
1633089180,0.0
1633089240,0.0
1633089300,0.0
1633089360,0.0
1633089420,0.0
1633089480,0.0
1633089540,0.0
1633089600,0.0
1633089660,0.0
1633089720,0.0
1633089780,0.0
1633089840,0.0
1633089900,0.0
1633089960,0.0
1633090020,0.0
1633090080,0.0
1633090140,0.0
1633090200,0.0
1633090260,0.0
1633090320,0.0
1633090380,0.0
1633090440,0.0
1633090500,0.0
1633090560,0.0
1633090620,0.0
1633090680,0.0
1633090740,0.0
1633090800,0.0
1633090860,0.0
1633090920,0.0
1633090980,0.0
1633091040,0.0
1633091100,0.0
1633091160,0.0
1633091220,0.0
1633091280,0.0
1633091340,0.0
1633091400,0.0
1633091460,0.0
1633091520,0.0
1633091580,0.0
1633091640,0.0
1633091700,0.0
1633091760,0.0
1633091820,0.0
1633091880,0.0
1633091940,0.0
1633092000,0.0
1633092060,0.0
1633092120,0.0
1633092180,0.0
1633092240,0.0
1633092300,0.0
1633092360,0.0
1633092420,0.0
1633092480,0.0
1633092540,0.0
1633092600,0.0
1633092660,0.0
1633092720,0.0
1633092780,0.0
1633092840,0.0
1633092900,0.0
1633092960,0.0
1633093020,0.0
1633093080,0.0
1633093140,0.0
1633093200,0.0
1633093260,0.0
1633093320,0.0
1633093380,0.0
1633093440,0.0
1633093500,0.0
1633093560,0.0
1633093620,0.0
1633093680,0.0
1633093740,0.0
1633093800,0.0
1633093860,0.0
1633093920,0.0
1633093980,0.0
1633094040,0.0
1633094100,0.0
1633094160,0.0
1633094220,0.0
1633094280,0.0
1633094340,0.0
1633094400,0.0
1633094460,0.0
1633094520,0.0
1633094580,0.0
1633094640,0.0
1633094700,0.0
1633094760,0.0
1633094820,0.0
1633094880,0.0
1633094940,0.0
1633095000,0.0
1633095060,0.0
1633095120,0.0
1633095180,0.0
1633095240,0.0
1633095300,0.0
1633095360,0.0
1633095420,0.0
1633095480,0.0
1633095540,0.0
1633095600,0.0
1633095660,0.0
1633095720,0.0
1633095780,0.0
1633095840,0.0
1633095900,0.0
1633095960,0.0
1633096020,0.0
1633096080,0.0
1633096140,0.0
1633096200,0.0
1633096260,0.0
1633096320,0.0
1633096380,0.0
1633096440,0.0
1633096500,0.0
1633096560,0.0
1633096620,0.0
1633096680,0.0
1633096740,0.0
1633096800,0.0
1633096860,0.0
1633096920,0.0
1633096980,0.0
1633097040,0.0
1633097100,0.0
1633097160,0.0
1633097220,0.0
1633097280,0.0
1633097340,0.0
1633097400,0.0
1633097460,0.0
1633097520,0.0
1633097580,0.0
1633097640,0.0
1633097700,0.0
1633097760,0.0
1633097820,0.0
1633097880,0.0
1633097940,0.0
1633098000,0.0
1633098060,0.0
1633098120,0.0
1633098180,0.0
1633098240,0.0
1633098300,0.0
1633098360,0.0
1633098420,0.0
1633098480,0.0
1633098540,0.0
1633098600,0.0
1633098660,0.0
1633098720,0.0
1633098780,0.0
1633098840,0.0
1633098900,0.0
1633098960,0.0
1633099020,0.0
1633099080,0.0
1633099140,0.0
1633099200,0.0
1633099260,0.0
1633099320,0.0
1633099380,0.0
1633099440,0.0
1633099500,0.0
1633099560,0.0
1633099620,0.0
1633099680,0.0
1633099740,0.0
1633099800,0.0
1633099860,0.0
1633099920,0.0
1633099980,0.0
1633100040,0.0
1633100100,0.0
1633100160,0.0
1633100220,0.0
1633100280,0.0
1633100340,0.0
1633100400,0.0
1633100460,0.0
1633100520,0.0
1633100580,0.0
1633100640,0.0
1633100700,0.0
1633100760,0.0
1633100820,0.0
1633100880,0.0
1633100940,0.0
1633101000,0.0
1633101060,0.0
1633101120,0.0
1633101180,0.0
1633101240,0.0
1633101300,0.0
1633101360,0.0
1633101420,0.0
1633101480,0.0
1633101540,0.0
1633101600,0.0
1633101660,0.0
1633101720,0.0
1633101780,0.0
1633101840,0.0
1633101900,0.0
1633101960,0.0
1633102020,0.0
1633102080,0.0
1633102140,0.0
1633102200,0.0
1633102260,0.0
1633102320,0.0
1633102380,0.0
1633102440,0.0
1633102500,0.0
1633102560,0.0
1633102620,0.0
1633102680,0.0
1633102740,0.0
1633102800,0.0
1633102860,0.0
1633102920,0.0
1633102980,0.0
1633103040,0.0
1633103100,0.0
1633103160,0.0
1633103220,0.0
1633103280,0.0
1633103340,0.0
1633103400,0.0
1633103460,0.0
1633103520,0.0
1633103580,0.0
1633103640,0.0
1633103700,0.0
1633103760,0.0
1633103820,0.0
1633103880,0.0
1633103940,0.0
1633104000,0.0
1633104060,0.0
1633104120,0.0
1633104180,0.0
1633104240,0.0
1633104300,0.0
1633104360,0.0
1633104420,0.0
1633104480,0.0
1633104540,0.0
1633104600,0.0
1633104660,0.0
1633104720,0.0
1633104780,0.0
1633104840,0.0
1633104900,0.0
1633104960,0.0
1633105020,0.0
1633105080,0.0
1633105140,0.0
1633105200,0.0
1633105260,0.0
1633105320,0.0
1633105380,0.0
1633105440,0.0
1633105500,0.0
1633105560,0.0
1633105620,3.0
1633105680,11.0
1633105740,13.0
1633105800,15.0
1633105860,15.0
1633105920,13.0
1633105980,13.0
1633106040,13.0
1633106100,13.0
1633106160,13.0
1633106220,13.0
1633106280,13.0
1633106340,14.0
1633106400,13.0
1633106460,13.0
1633106520,13.0
1633106580,13.0
1633106640,13.0
1633106700,14.0
1633106760,13.0
1633106820,8.0
1633106880,0.0
1633106940,1.0
1633107000,0.0
1633107060,0.0
1633107120,0.0
1633107180,0.0
1633107240,0.0
1633107300,1.0
1633107360,1.0
1633107420,0.0
1633107480,0.0
1633107540,0.0
1633107600,0.0
1633107660,1.0
1633107720,0.0
1633107780,0.0
1633107840,0.0
1633107900,0.0
1633107960,0.0
1633108020,0.0
1633108080,0.0
1633108140,0.0
1633108200,0.0
1633108260,0.0
1633108320,0.0
1633108380,0.0
1633108440,0.0
1633108500,0.0
1633108560,0.0
1633108620,0.0
1633108680,0.0
1633108740,0.0
1633108800,0.0
1633108860,0.0
1633108920,0.0
1633108980,0.0
1633109040,0.0
1633109100,0.0
1633109160,0.0
1633109220,0.0
1633109280,0.0
1633109340,0.0
1633109400,0.0
1633109460,0.0
1633109520,0.0
1633109580,0.0
1633109640,0.0
1633109700,0.0
1633109760,0.0
1633109820,0.0
1633109880,0.0
1633109940,0.0
1633110000,0.0
1633110060,0.0
1633110120,0.0
1633110180,0.0
1633110240,0.0
1633110300,0.0
1633110360,0.0
1633110420,0.0
1633110480,0.0
1633110540,0.0
1633110600,0.0
1633110660,0.0
1633110720,0.0
1633110780,0.0
1633110840,0.0
1633110900,0.0
1633110960,0.0
1633111020,0.0
1633111080,0.0
1633111140,0.0
1633111200,0.0
1633111260,0.0
1633111320,0.0
1633111380,0.0
1633111440,0.0
1633111500,0.0
1633111560,0.0
1633111620,0.0
1633111680,0.0
1633111740,0.0
1633111800,0.0
1633111860,0.0
1633111920,0.0
1633111980,0.0
1633112040,0.0
1633112100,0.0
1633112160,0.0
1633112220,0.0
1633112280,0.0
1633112340,0.0
1633112400,0.0
1633112460,0.0
1633112520,0.0
1633112580,0.0
1633112640,0.0
1633112700,0.0
1633112760,0.0
1633112820,0.0
1633112880,0.0
1633112940,0.0
1633113000,0.0
1633113060,0.0
1633113120,0.0
1633113180,0.0
1633113240,0.0
1633113300,0.0
1633113360,0.0
1633113420,0.0
1633113480,0.0
1633113540,0.0
1633113600,0.0
1633113660,0.0
1633113720,0.0
1633113780,0.0
1633113840,0.0
1633113900,0.0
1633113960,0.0
1633114020,0.0
1633114080,0.0
1633114140,0.0
1633114200,0.0
1633114260,0.0
1633114320,0.0
1633114380,0.0
1633114440,0.0
1633114500,0.0
1633114560,0.0
1633114620,0.0
1633114680,0.0
1633114740,0.0
1633114800,0.0
1633114860,0.0
1633114920,0.0
1633114980,0.0
1633115040,0.0
1633115100,0.0
1633115160,0.0
1633115220,0.0
1633115280,0.0
1633115340,0.0
1633115400,0.0
1633115460,0.0
1633115520,0.0
1633115580,0.0
1633115640,0.0
1633115700,0.0
1633115760,0.0
1633115820,0.0
1633115880,0.0
1633115940,0.0
1633116000,0.0
1633116060,0.0
1633116120,0.0
1633116180,0.0
1633116240,0.0
1633116300,0.0
1633116360,0.0
1633116420,0.0
1633116480,0.0
1633116540,0.0
1633116600,0.0
1633116660,0.0
1633116720,0.0
1633116780,0.0
1633116840,0.0
1633116900,0.0
1633116960,0.0
1633117020,0.0
1633117080,0.0
1633117140,0.0
1633117200,0.0
1633117260,0.0
1633117320,0.0
1633117380,0.0
1633117440,0.0
1633117500,0.0
1633117560,0.0
1633117620,0.0
1633117680,0.0
1633117740,0.0
1633117800,0.0
1633117860,0.0
1633117920,0.0
1633117980,0.0
1633118040,0.0
1633118100,0.0
1633118160,0.0
1633118220,0.0
1633118280,0.0
1633118340,0.0
1633118400,0.0
1633118460,0.0
1633118520,0.0
1633118580,0.0
1633118640,0.0
1633118700,0.0
1633118760,0.0
1633118820,0.0
1633118880,0.0
1633118940,0.0
1633119000,0.0
1633119060,0.0
1633119120,0.0
1633119180,0.0
1633119240,0.0
1633119300,0.0
1633119360,0.0
1633119420,0.0
1633119480,0.0
1633119540,0.0
1633119600,0.0
1633119660,0.0
1633119720,0.0
1633119780,0.0
1633119840,0.0
1633119900,0.0
1633119960,0.0
1633120020,0.0
1633120080,0.0
1633120140,0.0
1633120200,0.0
1633120260,0.0
1633120320,0.0
1633120380,0.0
1633120440,0.0
1633120500,0.0
1633120560,0.0
1633120620,0.0
1633120680,0.0
1633120740,0.0
1633120800,0.0
1633120860,0.0
1633120920,0.0
1633120980,0.0
1633121040,0.0
1633121100,0.0
1633121160,0.0
1633121220,0.0
1633121280,0.0
1633121340,0.0
1633121400,0.0
1633121460,0.0
1633121520,0.0
1633121580,0.0
1633121640,0.0
1633121700,0.0
1633121760,0.0
1633121820,0.0
1633121880,0.0
1633121940,0.0
1633122000,0.0
1633122060,0.0
1633122120,0.0
1633122180,0.0
1633122240,0.0
1633122300,0.0
1633122360,0.0
1633122420,0.0
1633122480,0.0
1633122540,0.0
1633122600,0.0
1633122660,0.0
1633122720,0.0
1633122780,0.0
1633122840,0.0
1633122900,0.0
1633122960,0.0
1633123020,0.0
1633123080,0.0
1633123140,0.0
1633123200,0.0
1633123260,0.0
1633123320,0.0
1633123380,0.0
1633123440,0.0
1633123500,0.0
1633123560,0.0
1633123620,0.0
1633123680,0.0
1633123740,0.0
1633123800,0.0
1633123860,0.0
1633123920,0.0
1633123980,0.0
1633124040,0.0
1633124100,0.0
1633124160,0.0
1633124220,0.0
1633124280,0.0
1633124340,0.0
1633124400,0.0
1633124460,0.0
1633124520,0.0
1633124580,0.0
1633124640,0.0
1633124700,0.0
1633124760,0.0
1633124820,0.0
1633124880,0.0
1633124940,0.0
1633125000,0.0
1633125060,0.0
1633125120,0.0
1633125180,0.0
1633125240,0.0
1633125300,0.0
1633125360,0.0
1633125420,0.0
1633125480,0.0
1633125540,0.0
1633125600,0.0
1633125660,0.0
1633125720,0.0
1633125780,0.0
1633125840,0.0
1633125900,0.0
1633125960,0.0
1633126020,0.0
1633126080,0.0
1633126140,0.0
1633126200,0.0
1633126260,0.0
1633126320,0.0
1633126380,0.0
1633126440,0.0
1633126500,0.0
1633126560,0.0
1633126620,0.0
1633126680,0.0
1633126740,0.0
1633126800,0.0
1633126860,0.0
1633126920,0.0
1633126980,0.0
1633127040,0.0
1633127100,0.0
1633127160,0.0
1633127220,0.0
1633127280,0.0
1633127340,0.0
1633127400,0.0
1633127460,0.0
1633127520,0.0
1633127580,0.0
1633127640,0.0
1633127700,0.0
1633127760,0.0
1633127820,0.0
1633127880,0.0
1633127940,0.0
1633128000,0.0
1633128060,0.0
1633128120,0.0
1633128180,0.0
1633128240,0.0
1633128300,0.0
1633128360,0.0
1633128420,0.0
1633128480,0.0
1633128540,0.0
1633128600,0.0
1633128660,0.0
1633128720,0.0
1633128780,36.0
1633128840,0.0
1633128900,0.0
1633128960,0.0
1633129020,0.0
1633129080,0.0
1633129140,0.0
1633129200,0.0
1633129260,0.0
1633129320,0.0
1633129380,0.0
1633129440,0.0
1633129500,0.0
1633129560,0.0
1633129620,0.0
1633129680,0.0
1633129740,0.0
1633129800,12.0
1633129860,36.0
1633129920,36.0
1633129980,37.0
1633130040,14.0
1633130100,0.0
1633130160,0.0
1633130220,0.0
1633130280,0.0
1633130340,0.0
1633130400,0.0
1633130460,0.0
1633130520,0.0
1633130580,0.0
1633130640,0.0
1633130700,0.0
1633130760,0.0
1633130820,0.0
1633130880,0.0
1633130940,0.0
1633131000,0.0
1633131060,0.0
1633131120,0.0
1633131180,0.0
1633131240,0.0
1633131300,0.0
1633131360,0.0
1633131420,0.0
1633131480,0.0
1633131540,0.0
1633131600,0.0
1633131660,0.0
1633131720,0.0
1633131780,0.0
1633131840,0.0
1633131900,0.0
1633131960,0.0
1633132020,0.0
1633132080,0.0
1633132140,0.0
1633132200,0.0
1633132260,0.0
1633132320,0.0
1633132380,0.0
1633132440,0.0
1633132500,0.0
1633132560,0.0
1633132620,0.0
1633132680,0.0
1633132740,0.0
1633132800,0.0
1633132860,0.0
1633132920,0.0
1633132980,0.0
1633133040,0.0
1633133100,0.0
1633133160,0.0
1633133220,0.0
1633133280,0.0
1633133340,0.0
1633133400,0.0
1633133460,0.0
1633133520,0.0
1633133580,0.0
1633133640,0.0
1633133700,0.0
1633133760,0.0
1633133820,0.0
1633133880,0.0
1633133940,0.0
1633134000,0.0
1633134060,0.0
1633134120,0.0
1633134180,0.0
1633134240,0.0
1633134300,0.0
1633134360,0.0
1633134420,0.0
1633134480,0.0
1633134540,0.0
1633134600,0.0
1633134660,0.0
1633134720,0.0
1633134780,0.0
1633134840,0.0
1633134900,0.0
1633134960,0.0
1633135020,0.0
1633135080,0.0
1633135140,0.0
1633135200,0.0
1633135260,0.0
1633135320,0.0
1633135380,0.0
1633135440,0.0
1633135500,0.0
1633135560,0.0
1633135620,0.0
1633135680,0.0
1633135740,0.0
1633135800,0.0
1633135860,0.0
1633135920,0.0
1633135980,0.0
1633136040,0.0
1633136100,0.0
1633136160,0.0
1633136220,0.0
1633136280,0.0
1633136340,0.0
1633136400,0.0
1633136460,0.0
1633136520,0.0
1633136580,0.0
1633136640,0.0
1633136700,0.0
1633136760,0.0
1633136820,0.0
1633136880,0.0
1633136940,0.0
1633137000,0.0
1633137060,0.0
1633137120,0.0
1633137180,0.0
1633137240,0.0
1633137300,0.0
1633137360,0.0
1633137420,0.0
1633137480,0.0
1633137540,0.0
1633137600,0.0
1633137660,0.0
1633137720,0.0
1633137780,0.0
1633137840,0.0
1633137900,0.0
1633137960,0.0
1633138020,0.0
1633138080,0.0
1633138140,0.0
1633138200,0.0
1633138260,0.0
1633138320,0.0
1633138380,0.0
1633138440,0.0
1633138500,0.0
1633138560,0.0
1633138620,0.0
1633138680,0.0
1633138740,0.0
1633138800,0.0
1633138860,0.0
1633138920,0.0
1633138980,0.0
1633139040,0.0
1633139100,0.0
1633139160,0.0
1633139220,0.0
1633139280,0.0
1633139340,0.0
1633139400,0.0
1633139460,0.0
1633139520,0.0
1633139580,0.0
1633139640,0.0
1633139700,0.0
1633139760,0.0
1633139820,0.0
1633139880,0.0
1633139940,0.0
1633140000,0.0
1633140060,0.0
1633140120,0.0
1633140180,0.0
1633140240,0.0
1633140300,0.0
1633140360,0.0
1633140420,0.0
1633140480,0.0
1633140540,0.0
1633140600,0.0
1633140660,0.0
1633140720,0.0
1633140780,0.0
1633140840,0.0
1633140900,0.0
1633140960,0.0
1633141020,0.0
1633141080,0.0
1633141140,0.0
1633141200,0.0
1633141260,0.0
1633141320,0.0
1633141380,0.0
1633141440,0.0
1633141500,0.0
1633141560,0.0
1633141620,0.0
1633141680,0.0
1633141740,0.0
1633141800,0.0
1633141860,0.0
1633141920,0.0
1633141980,0.0
1633142040,0.0
1633142100,0.0
1633142160,0.0
1633142220,0.0
1633142280,0.0
1633142340,0.0
1633142400,0.0
1633142460,0.0
1633142520,0.0
1633142580,0.0
1633142640,0.0
1633142700,0.0
1633142760,0.0
1633142820,0.0
1633142880,0.0
1633142940,0.0
1633143000,0.0
1633143060,0.0
1633143120,0.0
1633143180,0.0
1633143240,0.0
1633143300,0.0
1633143360,0.0
1633143420,0.0
1633143480,0.0
1633143540,0.0
1633143600,0.0
1633143660,0.0
1633143720,0.0
1633143780,0.0
1633143840,0.0
1633143900,0.0
1633143960,0.0
1633144020,0.0
1633144080,0.0
1633144140,0.0
1633144200,0.0
1633144260,0.0
1633144320,0.0
1633144380,0.0
1633144440,0.0
1633144500,0.0
1633144560,0.0
1633144620,0.0
1633144680,0.0
1633144740,0.0
1633144800,0.0
1633144860,0.0
1633144920,0.0
1633144980,0.0
1633145040,0.0
1633145100,0.0
1633145160,0.0
1633145220,0.0
1633145280,0.0
1633145340,0.0
1633145400,0.0
1633145460,0.0
1633145520,0.0
1633145580,0.0
1633145640,0.0
1633145700,0.0
1633145760,0.0
1633145820,0.0
1633145880,0.0
1633145940,0.0
1633146000,0.0
1633146060,0.0
1633146120,0.0
1633146180,0.0
1633146240,0.0
1633146300,0.0
1633146360,0.0
1633146420,0.0
1633146480,0.0
1633146540,0.0
1633146600,0.0
1633146660,0.0
1633146720,0.0
1633146780,0.0
1633146840,0.0
1633146900,0.0
1633146960,0.0
1633147020,0.0
1633147080,0.0
1633147140,0.0
1633147200,0.0
1633147260,0.0
1633147320,0.0
1633147380,0.0
1633147440,0.0
1633147500,0.0
1633147560,0.0
1633147620,0.0
1633147680,0.0
1633147740,0.0
1633147800,0.0
1633147860,0.0
1633147920,0.0
1633147980,0.0
1633148040,0.0
1633148100,0.0
1633148160,0.0
1633148220,0.0
1633148280,0.0
1633148340,0.0
1633148400,0.0
1633148460,0.0
1633148520,0.0
1633148580,0.0
1633148640,0.0
1633148700,0.0
1633148760,0.0
1633148820,0.0
1633148880,0.0
1633148940,0.0
1633149000,0.0
1633149060,0.0
1633149120,0.0
1633149180,0.0
1633149240,0.0
1633149300,0.0
1633149360,0.0
1633149420,0.0
1633149480,0.0
1633149540,0.0
1633149600,0.0
1633149660,0.0
1633149720,0.0
1633149780,0.0
1633149840,0.0
1633149900,0.0
1633149960,0.0
1633150020,0.0
1633150080,0.0
1633150140,0.0
1633150200,0.0
1633150260,0.0
1633150320,0.0
1633150380,0.0
1633150440,0.0
1633150500,0.0
1633150560,0.0
1633150620,0.0
1633150680,0.0
1633150740,0.0
1633150800,0.0
1633150860,0.0
1633150920,0.0
1633150980,0.0
1633151040,0.0
1633151100,0.0
1633151160,0.0
1633151220,0.0
1633151280,0.0
1633151340,0.0
1633151400,0.0
1633151460,0.0
1633151520,0.0
1633151580,0.0
1633151640,0.0
1633151700,0.0
1633151760,0.0
1633151820,0.0
1633151880,0.0
1633151940,0.0
1633152000,0.0
1633152060,0.0
1633152120,0.0
1633152180,0.0
1633152240,0.0
1633152300,0.0
1633152360,0.0
1633152420,0.0
1633152480,0.0
1633152540,0.0
1633152600,0.0
1633152660,0.0
1633152720,0.0
1633152780,0.0
1633152840,0.0
1633152900,0.0
1633152960,0.0
1633153020,0.0
1633153080,0.0
1633153140,0.0
1633153200,0.0
1633153260,0.0
1633153320,0.0
1633153380,0.0
1633153440,0.0
1633153500,0.0
1633153560,0.0
1633153620,0.0
1633153680,0.0
1633153740,0.0
1633153800,0.0
1633153860,0.0
1633153920,0.0
1633153980,0.0
1633154040,0.0
1633154100,0.0
1633154160,0.0
1633154220,0.0
1633154280,0.0
1633154340,0.0
1633154400,0.0
1633154460,0.0
1633154520,0.0
1633154580,0.0
1633154640,0.0
1633154700,0.0
1633154760,0.0
1633154820,0.0
1633154880,0.0
1633154940,0.0
1633155000,0.0
1633155060,0.0
1633155120,0.0
1633155180,0.0
1633155240,0.0
1633155300,0.0
1633155360,0.0
1633155420,0.0
1633155480,0.0
1633155540,0.0
1633155600,0.0
1633155660,0.0
1633155720,0.0
1633155780,0.0
1633155840,0.0
1633155900,0.0
1633155960,0.0
1633156020,0.0
1633156080,0.0
1633156140,0.0
1633156200,0.0
1633156260,0.0
1633156320,0.0
1633156380,0.0
1633156440,0.0
1633156500,0.0
1633156560,0.0
1633156620,0.0
1633156680,0.0
1633156740,0.0
1633156800,0.0
1633156860,0.0
1633156920,0.0
1633156980,0.0
1633157040,0.0
1633157100,0.0
1633157160,0.0
1633157220,0.0
1633157280,0.0
1633157340,0.0
1633157400,0.0
1633157460,0.0
1633157520,0.0
1633157580,0.0
1633157640,0.0
1633157700,0.0
1633157760,0.0
1633157820,0.0
1633157880,0.0
1633157940,0.0
1633158000,0.0
1633158060,0.0
1633158120,0.0
1633158180,0.0
1633158240,0.0
1633158300,0.0
1633158360,0.0
1633158420,0.0
1633158480,0.0
1633158540,0.0
1633158600,0.0
1633158660,0.0
1633158720,0.0
1633158780,0.0
1633158840,0.0
1633158900,0.0
1633158960,0.0
1633159020,0.0
1633159080,0.0
1633159140,0.0
1633159200,0.0
1633159260,0.0
1633159320,0.0
1633159380,0.0
1633159440,0.0
1633159500,0.0
1633159560,0.0
1633159620,0.0
1633159680,0.0
1633159740,0.0
1633159800,0.0
1633159860,0.0
1633159920,0.0
1633159980,0.0
1633160040,0.0
1633160100,0.0
1633160160,0.0
1633160220,0.0
1633160280,0.0
1633160340,0.0
1633160400,0.0
1633160460,0.0
1633160520,0.0
1633160580,0.0
1633160640,0.0
1633160700,0.0
1633160760,0.0
1633160820,0.0
1633160880,0.0
1633160940,0.0
1633161000,0.0
1633161060,0.0
1633161120,0.0
1633161180,0.0
1633161240,0.0
1633161300,0.0
1633161360,0.0
1633161420,0.0
1633161480,0.0
1633161540,0.0
1633161600,0.0
1633161660,0.0
1633161720,0.0
1633161780,0.0
1633161840,0.0
1633161900,0.0
1633161960,0.0
1633162020,0.0
1633162080,0.0
1633162140,0.0
1633162200,0.0
1633162260,0.0
1633162320,0.0
1633162380,0.0
1633162440,0.0
1633162500,0.0
1633162560,0.0
1633162620,0.0
1633162680,0.0
1633162740,0.0
1633162800,0.0
1633162860,0.0
1633162920,0.0
1633162980,0.0
1633163040,0.0
1633163100,0.0
1633163160,0.0
1633163220,0.0
1633163280,0.0
1633163340,0.0
1633163400,0.0
1633163460,0.0
1633163520,0.0
1633163580,0.0
1633163640,0.0
1633163700,0.0
1633163760,0.0
1633163820,0.0
1633163880,0.0
1633163940,0.0
1633164000,0.0
1633164060,0.0
1633164120,0.0
1633164180,0.0
1633164240,0.0
1633164300,0.0
1633164360,0.0
1633164420,0.0
1633164480,0.0
1633164540,0.0
1633164600,0.0
1633164660,0.0
1633164720,0.0
1633164780,0.0
1633164840,0.0
1633164900,0.0
1633164960,0.0
1633165020,0.0
1633165080,0.0
1633165140,0.0
1633165200,0.0
1633165260,0.0
1633165320,0.0
1633165380,0.0
1633165440,0.0
1633165500,0.0
1633165560,0.0
1633165620,0.0
1633165680,0.0
1633165740,0.0
1633165800,0.0
1633165860,0.0
1633165920,0.0
1633165980,0.0
1633166040,0.0
1633166100,0.0
1633166160,0.0
1633166220,0.0
1633166280,0.0
1633166340,0.0
1633166400,0.0
1633166460,0.0
1633166520,0.0
1633166580,0.0
1633166640,0.0
1633166700,0.0
1633166760,0.0
1633166820,0.0
1633166880,0.0
1633166940,0.0
1633167000,0.0
1633167060,0.0
1633167120,0.0
1633167180,0.0
1633167240,0.0
1633167300,0.0
1633167360,0.0
1633167420,0.0
1633167480,0.0
1633167540,0.0
1633167600,0.0
1633167660,0.0
1633167720,0.0
1633167780,0.0
1633167840,0.0
1633167900,0.0
1633167960,0.0
1633168020,0.0
1633168080,0.0
1633168140,0.0
1633168200,0.0
1633168260,0.0
1633168320,0.0
1633168380,0.0
1633168440,0.0
1633168500,0.0
1633168560,0.0
1633168620,0.0
1633168680,0.0
1633168740,0.0
1633168800,0.0
1633168860,0.0
1633168920,0.0
1633168980,0.0
1633169040,0.0
1633169100,0.0
1633169160,0.0
1633169220,0.0
1633169280,0.0
1633169340,0.0
1633169400,0.0
1633169460,0.0
1633169520,0.0
1633169580,0.0
1633169640,0.0
1633169700,0.0
1633169760,0.0
1633169820,0.0
1633169880,0.0
1633169940,0.0
1633170000,0.0
1633170060,0.0
1633170120,0.0
1633170180,0.0
1633170240,0.0
1633170300,0.0
1633170360,0.0
1633170420,0.0
1633170480,0.0
1633170540,0.0
1633170600,0.0
1633170660,0.0
1633170720,0.0
1633170780,0.0
1633170840,0.0
1633170900,0.0
1633170960,0.0
1633171020,0.0
1633171080,0.0
1633171140,0.0
1633171200,0.0
1633171260,0.0
1633171320,0.0
1633171380,0.0
1633171440,0.0
1633171500,0.0
1633171560,0.0
1633171620,0.0
1633171680,0.0
1633171740,0.0
1633171800,0.0
1633171860,0.0
1633171920,0.0
1633171980,0.0
1633172040,0.0
1633172100,0.0
1633172160,0.0
1633172220,0.0
1633172280,0.0
1633172340,0.0
1633172400,0.0
1633172460,0.0
1633172520,0.0
1633172580,0.0
1633172640,0.0
1633172700,0.0
1633172760,0.0
1633172820,0.0
1633172880,0.0
1633172940,0.0
1633173000,0.0
1633173060,0.0
1633173120,0.0
1633173180,0.0
1633173240,0.0
1633173300,0.0
1633173360,0.0
1633173420,0.0
1633173480,0.0
1633173540,0.0
1633173600,0.0
1633173660,0.0
1633173720,0.0
1633173780,0.0
1633173840,0.0
1633173900,0.0
1633173960,0.0
1633174020,0.0
1633174080,0.0
1633174140,0.0
1633174200,0.0
1633174260,0.0
1633174320,0.0
1633174380,0.0
1633174440,0.0
1633174500,0.0
1633174560,0.0
1633174620,0.0
1633174680,0.0
1633174740,0.0
1633174800,0.0
1633174860,0.0
1633174920,0.0
1633174980,0.0
1633175040,0.0
1633175100,0.0
1633175160,0.0
1633175220,0.0
1633175280,0.0
1633175340,0.0
1633175400,0.0
1633175460,0.0
1633175520,0.0
1633175580,0.0
1633175640,0.0
1633175700,0.0
1633175760,0.0
1633175820,0.0
1633175880,0.0
1633175940,0.0
1633176000,0.0
1633176060,0.0
1633176120,0.0
1633176180,0.0
1633176240,0.0
1633176300,0.0
1633176360,0.0
1633176420,0.0
1633176480,0.0
1633176540,0.0
1633176600,0.0
1633176660,0.0
1633176720,0.0
1633176780,0.0
1633176840,0.0
1633176900,0.0
1633176960,0.0
1633177020,0.0
1633177080,0.0
1633177140,0.0
1633177200,0.0
1633177260,0.0
1633177320,0.0
1633177380,0.0
1633177440,0.0
1633177500,0.0
1633177560,0.0
1633177620,0.0
1633177680,0.0
1633177740,0.0
1633177800,0.0
1633177860,0.0
1633177920,0.0
1633177980,0.0
1633178040,0.0
1633178100,0.0
1633178160,0.0
1633178220,0.0
1633178280,0.0
1633178340,0.0
1633178400,0.0
1633178460,0.0
1633178520,0.0
1633178580,0.0
1633178640,0.0
1633178700,0.0
1633178760,0.0
1633178820,0.0
1633178880,0.0
1633178940,0.0
1633179000,0.0
1633179060,0.0
1633179120,0.0
1633179180,0.0
1633179240,0.0
1633179300,0.0
1633179360,0.0
1633179420,0.0
1633179480,0.0
1633179540,0.0
1633179600,0.0
1633179660,0.0
1633179720,0.0
1633179780,0.0
1633179840,0.0
1633179900,0.0
1633179960,0.0
1633180020,0.0
1633180080,0.0
1633180140,0.0
1633180200,0.0
1633180260,0.0
1633180320,0.0
1633180380,0.0
1633180440,0.0
1633180500,0.0
1633180560,0.0
1633180620,0.0
1633180680,0.0
1633180740,0.0
1633180800,0.0
1633180860,0.0
1633180920,0.0
1633180980,0.0
1633181040,0.0
1633181100,0.0
1633181160,0.0
1633181220,0.0
1633181280,0.0
1633181340,0.0
1633181400,0.0
1633181460,0.0
1633181520,0.0
1633181580,0.0
1633181640,0.0
1633181700,0.0
1633181760,0.0
1633181820,0.0
1633181880,0.0
1633181940,0.0
1633182000,0.0
1633182060,0.0
1633182120,0.0
1633182180,0.0
1633182240,0.0
1633182300,0.0
1633182360,0.0
1633182420,0.0
1633182480,0.0
1633182540,0.0
1633182600,0.0
1633182660,0.0
1633182720,0.0
1633182780,0.0
1633182840,0.0
1633182900,0.0
1633182960,0.0
1633183020,0.0
1633183080,0.0
1633183140,0.0
1633183200,0.0
1633183260,0.0
1633183320,0.0
1633183380,0.0
1633183440,0.0
1633183500,0.0
1633183560,0.0
1633183620,0.0
1633183680,0.0
1633183740,0.0
1633183800,0.0
1633183860,0.0
1633183920,0.0
1633183980,0.0
1633184040,0.0
1633184100,0.0
1633184160,0.0
1633184220,0.0
1633184280,0.0
1633184340,0.0
1633184400,0.0
1633184460,0.0
1633184520,0.0
1633184580,0.0
1633184640,0.0
1633184700,0.0
1633184760,0.0
1633184820,0.0
1633184880,0.0
1633184940,0.0
1633185000,0.0
1633185060,0.0
1633185120,0.0
1633185180,0.0
1633185240,0.0
1633185300,0.0
1633185360,0.0
1633185420,0.0
1633185480,0.0
1633185540,0.0
1633185600,0.0
1633185660,0.0
1633185720,0.0
1633185780,0.0
1633185840,0.0
1633185900,0.0
1633185960,0.0
1633186020,0.0
1633186080,0.0
1633186140,0.0
1633186200,0.0
1633186260,0.0
1633186320,0.0
1633186380,0.0
1633186440,0.0
1633186500,0.0
1633186560,0.0
1633186620,0.0
1633186680,0.0
1633186740,0.0
1633186800,0.0
1633186860,0.0
1633186920,0.0
1633186980,0.0
1633187040,0.0
1633187100,0.0
1633187160,0.0
1633187220,0.0
1633187280,0.0
1633187340,0.0
1633187400,0.0
1633187460,0.0
1633187520,0.0
1633187580,0.0
1633187640,0.0
1633187700,0.0
1633187760,0.0
1633187820,0.0
1633187880,0.0
1633187940,0.0
1633188000,0.0
1633188060,0.0
1633188120,0.0
1633188180,0.0
1633188240,0.0
1633188300,0.0
1633188360,0.0
1633188420,0.0
1633188480,0.0
1633188540,0.0
1633188600,0.0
1633188660,0.0
1633188720,0.0
1633188780,0.0
1633188840,0.0
1633188900,0.0
1633188960,0.0
1633189020,0.0
1633189080,0.0
1633189140,0.0
1633189200,0.0
1633189260,0.0
1633189320,0.0
1633189380,0.0
1633189440,0.0
1633189500,0.0
1633189560,0.0
1633189620,0.0
1633189680,0.0
1633189740,0.0
1633189800,0.0
1633189860,0.0
1633189920,0.0
1633189980,0.0
1633190040,0.0
1633190100,0.0
1633190160,0.0
1633190220,0.0
1633190280,0.0
1633190340,0.0
1633190400,0.0
1633190460,0.0
1633190520,0.0
1633190580,0.0
1633190640,0.0
1633190700,0.0
1633190760,0.0
1633190820,0.0
1633190880,0.0
1633190940,0.0
1633191000,0.0
1633191060,0.0
1633191120,0.0
1633191180,0.0
1633191240,0.0
1633191300,0.0
1633191360,0.0
1633191420,0.0
1633191480,0.0
1633191540,0.0
1633191600,0.0
1633191660,0.0
1633191720,0.0
1633191780,0.0
1633191840,0.0
1633191900,0.0
1633191960,0.0
1633192020,0.0
1633192080,0.0
1633192140,0.0
1633192200,0.0
1633192260,0.0
1633192320,0.0
1633192380,0.0
1633192440,0.0
1633192500,0.0
1633192560,0.0
1633192620,0.0
1633192680,0.0
1633192740,0.0
1633192800,0.0
1633192860,0.0
1633192920,0.0
1633192980,0.0
1633193040,0.0
1633193100,0.0
1633193160,0.0
1633193220,0.0
1633193280,0.0
1633193340,0.0
1633193400,0.0
1633193460,0.0
1633193520,0.0
1633193580,0.0
1633193640,0.0
1633193700,0.0
1633193760,0.0
1633193820,0.0
1633193880,0.0
1633193940,0.0
1633194000,0.0
1633194060,0.0
1633194120,0.0
1633194180,0.0
1633194240,0.0
1633194300,0.0
1633194360,0.0
1633194420,0.0
1633194480,0.0
1633194540,0.0
1633194600,0.0
1633194660,0.0
1633194720,0.0
1633194780,0.0
1633194840,0.0
1633194900,0.0
1633194960,0.0
1633195020,0.0
1633195080,0.0
1633195140,0.0
1633195200,0.0
1633195260,0.0
1633195320,0.0
1633195380,0.0
1633195440,0.0
1633195500,0.0
1633195560,0.0
1633195620,0.0
1633195680,0.0
1633195740,0.0
1633195800,0.0
1633195860,0.0
1633195920,0.0
1633195980,0.0
1633196040,0.0
1633196100,0.0
1633196160,0.0
1633196220,0.0
1633196280,0.0
1633196340,0.0
1633196400,0.0
1633196460,0.0
1633196520,0.0
1633196580,0.0
1633196640,0.0
1633196700,0.0
1633196760,0.0
1633196820,0.0
1633196880,0.0
1633196940,0.0
1633197000,0.0
1633197060,0.0
1633197120,0.0
1633197180,0.0
1633197240,0.0
1633197300,0.0
1633197360,0.0
1633197420,0.0
1633197480,0.0
1633197540,0.0
1633197600,0.0
1633197660,0.0
1633197720,0.0
1633197780,0.0
1633197840,0.0
1633197900,0.0
1633197960,0.0
1633198020,0.0
1633198080,0.0
1633198140,0.0
1633198200,0.0
1633198260,0.0
1633198320,0.0
1633198380,0.0
1633198440,0.0
1633198500,0.0
1633198560,0.0
1633198620,0.0
1633198680,0.0
1633198740,0.0
1633198800,0.0
1633198860,0.0
1633198920,0.0
1633198980,0.0
1633199040,0.0
1633199100,0.0
1633199160,0.0
1633199220,0.0
1633199280,0.0
1633199340,0.0
1633199400,0.0
1633199460,0.0
1633199520,0.0
1633199580,0.0
1633199640,0.0
1633199700,0.0
1633199760,0.0
1633199820,0.0
1633199880,0.0
1633199940,0.0
1633200000,0.0
1633200060,0.0
1633200120,0.0
1633200180,0.0
1633200240,0.0
1633200300,0.0
1633200360,0.0
1633200420,0.0
1633200480,0.0
1633200540,0.0
1633200600,0.0
1633200660,0.0
1633200720,0.0
1633200780,0.0
1633200840,0.0
1633200900,0.0
1633200960,0.0
1633201020,0.0
1633201080,0.0
1633201140,0.0
1633201200,0.0
1633201260,0.0
1633201320,0.0
1633201380,0.0
1633201440,0.0
1633201500,0.0
1633201560,0.0
1633201620,0.0
1633201680,0.0
1633201740,0.0
1633201800,0.0
1633201860,0.0
1633201920,0.0
1633201980,0.0
1633202040,0.0
1633202100,0.0
1633202160,0.0
1633202220,0.0
1633202280,0.0
1633202340,0.0
1633202400,0.0
1633202460,0.0
1633202520,0.0
1633202580,0.0
1633202640,0.0
1633202700,0.0
1633202760,0.0
1633202820,0.0
1633202880,0.0
1633202940,0.0
1633203000,0.0
1633203060,0.0
1633203120,0.0
1633203180,0.0
1633203240,0.0
1633203300,0.0
1633203360,0.0
1633203420,0.0
1633203480,0.0
1633203540,0.0
1633203600,0.0
1633203660,8.0
1633203720,12.0
1633203780,13.0
1633203840,14.0
1633203900,13.0
1633203960,12.0
1633204020,13.0
1633204080,13.0
1633204140,12.0
1633204200,13.0
1633204260,13.0
1633204320,12.0
1633204380,13.0
1633204440,13.0
1633204500,13.0
1633204560,13.0
1633204620,12.0
1633204680,13.0
1633204740,13.0
1633204800,13.0
1633204860,3.0
1633204920,0.0
1633204980,0.0
1633205040,0.0
1633205100,0.0
1633205160,0.0
1633205220,0.0
1633205280,0.0
1633205340,0.0
1633205400,1.0
1633205460,0.0
1633205520,0.0
1633205580,0.0
1633205640,0.0
1633205700,0.0
1633205760,0.0
1633205820,0.0
1633205880,0.0
1633205940,0.0
1633206000,0.0
1633206060,0.0
1633206120,0.0
1633206180,0.0
1633206240,0.0
1633206300,0.0
1633206360,0.0
1633206420,0.0
1633206480,0.0
1633206540,0.0
1633206600,0.0
1633206660,0.0
1633206720,0.0
1633206780,0.0
1633206840,0.0
1633206900,0.0
1633206960,0.0
1633207020,0.0
1633207080,0.0
1633207140,0.0
1633207200,0.0
1633207260,0.0
1633207320,0.0
1633207380,0.0
1633207440,0.0
1633207500,0.0
1633207560,0.0
1633207620,0.0
1633207680,0.0
1633207740,0.0
1633207800,0.0
1633207860,0.0
1633207920,0.0
1633207980,0.0
1633208040,0.0
1633208100,0.0
1633208160,0.0
1633208220,0.0
1633208280,0.0
1633208340,0.0
1633208400,0.0
1633208460,27.0
1633208520,38.0
1633208580,12.0
1633208640,1.0
1633208700,0.0
1633208760,0.0
1633208820,0.0
1633208880,0.0
1633208940,0.0
1633209000,0.0
1633209060,0.0
1633209120,0.0
1633209180,0.0
1633209240,0.0
1633209300,0.0
1633209360,0.0
1633209420,0.0
1633209480,0.0
1633209540,0.0
1633209600,0.0
1633209660,0.0
1633209720,0.0
1633209780,0.0
1633209840,0.0
1633209900,0.0
1633209960,0.0
1633210020,0.0
1633210080,0.0
1633210140,0.0
1633210200,0.0
1633210260,0.0
1633210320,0.0
1633210380,0.0
1633210440,0.0
1633210500,0.0
1633210560,0.0
1633210620,0.0
1633210680,0.0
1633210740,0.0
1633210800,0.0
1633210860,0.0
1633210920,0.0
1633210980,0.0
1633211040,0.0
1633211100,0.0
1633211160,0.0
1633211220,0.0
1633211280,0.0
1633211340,0.0
1633211400,0.0
1633211460,0.0
1633211520,0.0
1633211580,0.0
1633211640,0.0
1633211700,0.0
1633211760,0.0
1633211820,0.0
1633211880,0.0
1633211940,0.0
1633212000,0.0
1633212060,0.0
1633212120,0.0
1633212180,0.0
1633212240,0.0
1633212300,0.0
1633212360,0.0
1633212420,0.0
1633212480,0.0
1633212540,0.0
1633212600,0.0
1633212660,0.0
1633212720,0.0
1633212780,0.0
1633212840,0.0
1633212900,0.0
1633212960,0.0
1633213020,0.0
1633213080,0.0
1633213140,0.0
1633213200,0.0
1633213260,0.0
1633213320,0.0
1633213380,0.0
1633213440,0.0
1633213500,0.0
1633213560,0.0
1633213620,0.0
1633213680,0.0
1633213740,0.0
1633213800,0.0
1633213860,0.0
1633213920,0.0
1633213980,0.0
1633214040,0.0
1633214100,0.0
1633214160,0.0
1633214220,0.0
1633214280,0.0
1633214340,0.0
1633214400,0.0
1633214460,0.0
1633214520,0.0
1633214580,0.0
1633214640,0.0
1633214700,0.0
1633214760,0.0
1633214820,0.0
1633214880,0.0
1633214940,0.0
1633215000,0.0
1633215060,0.0
1633215120,0.0
1633215180,0.0
1633215240,0.0
1633215300,0.0
1633215360,0.0
1633215420,0.0
1633215480,0.0
1633215540,0.0
1633215600,0.0
1633215660,0.0
1633215720,0.0
1633215780,0.0
1633215840,0.0
1633215900,0.0
1633215960,0.0
1633216020,0.0
1633216080,0.0
1633216140,0.0
1633216200,0.0
1633216260,0.0
1633216320,0.0
1633216380,0.0
1633216440,0.0
1633216500,0.0
1633216560,0.0
1633216620,0.0
1633216680,0.0
1633216740,0.0
1633216800,0.0
1633216860,0.0
1633216920,0.0
1633216980,0.0
1633217040,0.0
1633217100,0.0
1633217160,0.0
1633217220,0.0
1633217280,0.0
1633217340,0.0
1633217400,0.0
1633217460,0.0
1633217520,0.0
1633217580,0.0
1633217640,0.0
1633217700,0.0
1633217760,0.0
1633217820,0.0
1633217880,0.0
1633217940,0.0
1633218000,0.0
1633218060,0.0
1633218120,0.0
1633218180,0.0
1633218240,0.0
1633218300,0.0
1633218360,0.0
1633218420,0.0
1633218480,0.0
1633218540,0.0
1633218600,0.0
1633218660,0.0
1633218720,0.0
1633218780,0.0
1633218840,0.0
1633218900,0.0
1633218960,0.0
1633219020,0.0
1633219080,0.0
1633219140,0.0
1633219200,0.0
1633219260,0.0
1633219320,0.0
1633219380,0.0
1633219440,0.0
1633219500,0.0
1633219560,0.0
1633219620,0.0
1633219680,0.0
1633219740,0.0
1633219800,0.0
1633219860,0.0
1633219920,0.0
1633219980,0.0
1633220040,0.0
1633220100,0.0
1633220160,0.0
1633220220,0.0
1633220280,0.0
1633220340,0.0
1633220400,0.0
1633220460,0.0
1633220520,0.0
1633220580,0.0
1633220640,0.0
1633220700,0.0
1633220760,0.0
1633220820,0.0
1633220880,0.0
1633220940,0.0
1633221000,0.0
1633221060,0.0
1633221120,0.0
1633221180,0.0
1633221240,0.0
1633221300,0.0
1633221360,0.0
1633221420,0.0
1633221480,0.0
1633221540,0.0
1633221600,0.0
1633221660,0.0
1633221720,0.0
1633221780,0.0
1633221840,0.0
1633221900,0.0
1633221960,0.0
1633222020,0.0
1633222080,0.0
1633222140,0.0
1633222200,0.0
1633222260,0.0
1633222320,0.0
1633222380,0.0
1633222440,0.0
1633222500,0.0
1633222560,0.0
1633222620,0.0
1633222680,0.0
1633222740,0.0
1633222800,0.0
1633222860,0.0
1633222920,0.0
1633222980,0.0
1633223040,0.0
1633223100,0.0
1633223160,0.0
1633223220,0.0
1633223280,0.0
1633223340,0.0
1633223400,0.0
1633223460,0.0
1633223520,0.0
1633223580,0.0
1633223640,0.0
1633223700,0.0
1633223760,0.0
1633223820,0.0
1633223880,0.0
1633223940,0.0
1633224000,0.0
1633224060,0.0
1633224120,0.0
1633224180,0.0
1633224240,0.0
1633224300,0.0
1633224360,0.0
1633224420,0.0
1633224480,0.0
1633224540,0.0
1633224600,0.0
1633224660,0.0
1633224720,0.0
1633224780,0.0
1633224840,0.0
1633224900,0.0
1633224960,0.0
1633225020,0.0
1633225080,0.0
1633225140,0.0
1633225200,0.0
1633225260,0.0
1633225320,0.0
1633225380,0.0
1633225440,0.0
1633225500,0.0
1633225560,0.0
1633225620,0.0
1633225680,0.0
1633225740,0.0
1633225800,0.0
1633225860,0.0
1633225920,0.0
1633225980,0.0
1633226040,0.0
1633226100,0.0
1633226160,0.0
1633226220,0.0
1633226280,0.0
1633226340,0.0
1633226400,0.0
1633226460,0.0
1633226520,0.0
1633226580,0.0
1633226640,0.0
1633226700,0.0
1633226760,0.0
1633226820,0.0
1633226880,0.0
1633226940,0.0
1633227000,0.0
1633227060,0.0
1633227120,0.0
1633227180,0.0
1633227240,0.0
1633227300,0.0
1633227360,0.0
1633227420,0.0
1633227480,0.0
1633227540,0.0
1633227600,0.0
1633227660,0.0
1633227720,0.0
1633227780,0.0
1633227840,0.0
1633227900,0.0
1633227960,0.0
1633228020,0.0
1633228080,0.0
1633228140,0.0
1633228200,0.0
1633228260,0.0
1633228320,0.0
1633228380,0.0
1633228440,0.0
1633228500,0.0
1633228560,0.0
1633228620,0.0
1633228680,0.0
1633228740,0.0
1633228800,0.0
1633228860,0.0
1633228920,0.0
1633228980,0.0
1633229040,0.0
1633229100,0.0
1633229160,0.0
1633229220,0.0
1633229280,0.0
1633229340,0.0
1633229400,0.0
1633229460,0.0
1633229520,0.0
1633229580,0.0
1633229640,0.0
1633229700,0.0
1633229760,0.0
1633229820,0.0
1633229880,0.0
1633229940,0.0
1633230000,0.0
1633230060,0.0
1633230120,0.0
1633230180,0.0
1633230240,0.0
1633230300,0.0
1633230360,0.0
1633230420,0.0
1633230480,0.0
1633230540,0.0
1633230600,0.0
1633230660,0.0
1633230720,0.0
1633230780,0.0
1633230840,0.0
1633230900,0.0
1633230960,0.0
1633231020,0.0
1633231080,0.0
1633231140,0.0
1633231200,0.0
1633231260,0.0
1633231320,0.0
1633231380,0.0
1633231440,0.0
1633231500,0.0
1633231560,0.0
1633231620,0.0
1633231680,0.0
1633231740,0.0
1633231800,0.0
1633231860,0.0
1633231920,0.0
1633231980,0.0
1633232040,0.0
1633232100,0.0
1633232160,0.0
1633232220,0.0
1633232280,0.0
1633232340,0.0
1633232400,0.0
1633232460,0.0
1633232520,0.0
1633232580,0.0
1633232640,0.0
1633232700,0.0
1633232760,0.0
1633232820,0.0
1633232880,0.0
1633232940,0.0
1633233000,0.0
1633233060,0.0
1633233120,0.0
1633233180,0.0
1633233240,0.0
1633233300,0.0
1633233360,0.0
1633233420,0.0
1633233480,0.0
1633233540,0.0
1633233600,0.0
1633233660,0.0
1633233720,0.0
1633233780,0.0
1633233840,0.0
1633233900,0.0
1633233960,0.0
1633234020,0.0
1633234080,0.0
1633234140,0.0
1633234200,0.0
1633234260,0.0
1633234320,0.0
1633234380,0.0
1633234440,0.0
1633234500,0.0
1633234560,0.0
1633234620,0.0
1633234680,0.0
1633234740,0.0
1633234800,0.0
1633234860,0.0
1633234920,0.0
1633234980,0.0
1633235040,0.0
1633235100,0.0
1633235160,0.0
1633235220,0.0
1633235280,0.0
1633235340,0.0
1633235400,0.0
1633235460,0.0
1633235520,0.0
1633235580,0.0
1633235640,0.0
1633235700,0.0
1633235760,0.0
1633235820,0.0
1633235880,0.0
1633235940,0.0
1633236000,0.0
1633236060,0.0
1633236120,0.0
1633236180,0.0
1633236240,0.0
1633236300,0.0
1633236360,0.0
1633236420,0.0
1633236480,0.0
1633236540,0.0
1633236600,0.0
1633236660,0.0
1633236720,0.0
1633236780,0.0
1633236840,0.0
1633236900,0.0
1633236960,0.0
1633237020,0.0
1633237080,0.0
1633237140,0.0
1633237200,0.0
1633237260,0.0
1633237320,0.0
1633237380,0.0
1633237440,0.0
1633237500,0.0
1633237560,0.0
1633237620,0.0
1633237680,0.0
1633237740,0.0
1633237800,0.0
1633237860,0.0
1633237920,0.0
1633237980,0.0
1633238040,0.0
1633238100,0.0
1633238160,0.0
1633238220,0.0
1633238280,0.0
1633238340,0.0
1633238400,0.0
1633238460,0.0
1633238520,0.0
1633238580,0.0
1633238640,0.0
1633238700,0.0
1633238760,0.0
1633238820,0.0
1633238880,0.0
1633238940,0.0
1633239000,0.0
1633239060,0.0
1633239120,0.0
1633239180,0.0
1633239240,0.0
1633239300,0.0
1633239360,0.0
1633239420,0.0
1633239480,0.0
1633239540,0.0
1633239600,0.0
1633239660,0.0
1633239720,0.0
1633239780,0.0
1633239840,0.0
1633239900,0.0
1633239960,0.0
1633240020,0.0
1633240080,0.0
1633240140,0.0
1633240200,0.0
1633240260,0.0
1633240320,0.0
1633240380,0.0
1633240440,0.0
1633240500,0.0
1633240560,0.0
1633240620,0.0
1633240680,0.0
1633240740,0.0
1633240800,0.0
1633240860,0.0
1633240920,0.0
1633240980,0.0
1633241040,0.0
1633241100,0.0
1633241160,0.0
1633241220,0.0
1633241280,0.0
1633241340,0.0
1633241400,0.0
1633241460,0.0
1633241520,0.0
1633241580,0.0
1633241640,0.0
1633241700,0.0
1633241760,0.0
1633241820,0.0
1633241880,0.0
1633241940,0.0
1633242000,0.0
1633242060,0.0
1633242120,0.0
1633242180,0.0
1633242240,0.0
1633242300,0.0
1633242360,0.0
1633242420,0.0
1633242480,0.0
1633242540,0.0
1633242600,0.0
1633242660,0.0
1633242720,0.0
1633242780,0.0
1633242840,0.0
1633242900,0.0
1633242960,0.0
1633243020,0.0
1633243080,0.0
1633243140,0.0
1633243200,0.0
1633243260,0.0
1633243320,0.0
1633243380,0.0
1633243440,0.0
1633243500,0.0
1633243560,0.0
1633243620,0.0
1633243680,0.0
1633243740,0.0
1633243800,0.0
1633243860,0.0
1633243920,0.0
1633243980,0.0
1633244040,0.0
1633244100,0.0
1633244160,0.0
1633244220,0.0
1633244280,0.0
1633244340,0.0
1633244400,0.0
1633244460,0.0
1633244520,0.0
1633244580,0.0
1633244640,0.0
1633244700,0.0
1633244760,0.0
1633244820,0.0
1633244880,0.0
1633244940,0.0
1633245000,0.0
1633245060,0.0
1633245120,0.0
1633245180,0.0
1633245240,0.0
1633245300,0.0
1633245360,0.0
1633245420,0.0
1633245480,0.0
1633245540,0.0
1633245600,0.0
1633245660,0.0
1633245720,0.0
1633245780,0.0
1633245840,0.0
1633245900,0.0
1633245960,0.0
1633246020,0.0
1633246080,0.0
1633246140,0.0
1633246200,0.0
1633246260,0.0
1633246320,0.0
1633246380,0.0
1633246440,0.0
1633246500,0.0
1633246560,0.0
1633246620,0.0
1633246680,0.0
1633246740,0.0
1633246800,0.0
1633246860,0.0
1633246920,0.0
1633246980,0.0
1633247040,0.0
1633247100,0.0
1633247160,0.0
1633247220,0.0
1633247280,0.0
1633247340,0.0
1633247400,0.0
1633247460,0.0
1633247520,0.0
1633247580,0.0
1633247640,0.0
1633247700,0.0
1633247760,0.0
1633247820,0.0
1633247880,0.0
1633247940,0.0
1633248000,0.0
1633248060,0.0
1633248120,0.0
1633248180,0.0
1633248240,0.0
1633248300,0.0
1633248360,0.0
1633248420,0.0
1633248480,0.0
1633248540,0.0
1633248600,0.0
1633248660,0.0
1633248720,0.0
1633248780,0.0
1633248840,0.0
1633248900,0.0
1633248960,0.0
1633249020,0.0
1633249080,0.0
1633249140,0.0
1633249200,0.0
1633249260,0.0
1633249320,0.0
1633249380,0.0
1633249440,0.0
1633249500,0.0
1633249560,0.0
1633249620,0.0
1633249680,0.0
1633249740,0.0
1633249800,0.0
1633249860,0.0
1633249920,0.0
1633249980,0.0
1633250040,0.0
1633250100,0.0
1633250160,0.0
1633250220,0.0
1633250280,25.0
1633250340,14.0
1633250400,0.0
1633250460,0.0
1633250520,0.0
1633250580,0.0
1633250640,0.0
1633250700,0.0
1633250760,0.0
1633250820,0.0
1633250880,0.0
1633250940,0.0
1633251000,0.0
1633251060,0.0
1633251120,0.0
1633251180,0.0
1633251240,0.0
1633251300,0.0
1633251360,0.0
1633251420,0.0
1633251480,0.0
1633251540,0.0
1633251600,0.0
1633251660,0.0
1633251720,0.0
1633251780,0.0
1633251840,0.0
1633251900,0.0
1633251960,0.0
1633252020,0.0
1633252080,0.0
1633252140,0.0
1633252200,0.0
1633252260,0.0
1633252320,0.0
1633252380,0.0
1633252440,0.0
1633252500,0.0
1633252560,0.0
1633252620,0.0
1633252680,0.0
1633252740,0.0
1633252800,0.0
1633252860,0.0
1633252920,0.0
1633252980,0.0
1633253040,0.0
1633253100,0.0
1633253160,0.0
1633253220,0.0
1633253280,0.0
1633253340,0.0
1633253400,0.0
1633253460,0.0
1633253520,0.0
1633253580,0.0
1633253640,0.0
1633253700,0.0
1633253760,0.0
1633253820,0.0
1633253880,0.0
1633253940,0.0
1633254000,0.0
1633254060,0.0
1633254120,0.0
1633254180,0.0
1633254240,0.0
1633254300,0.0
1633254360,0.0
1633254420,0.0
1633254480,0.0
1633254540,0.0
1633254600,0.0
1633254660,0.0
1633254720,0.0
1633254780,0.0
1633254840,0.0
1633254900,0.0
1633254960,0.0
1633255020,0.0
1633255080,0.0
1633255140,0.0
1633255200,0.0
1633255260,0.0
1633255320,0.0
1633255380,0.0
1633255440,0.0
1633255500,0.0
1633255560,0.0
1633255620,0.0
1633255680,0.0
1633255740,0.0
1633255800,0.0
1633255860,0.0
1633255920,0.0
1633255980,0.0
1633256040,0.0
1633256100,0.0
1633256160,0.0
1633256220,0.0
1633256280,0.0
1633256340,0.0
1633256400,0.0
1633256460,0.0
1633256520,0.0
1633256580,0.0
1633256640,0.0
1633256700,0.0
1633256760,0.0
1633256820,0.0
1633256880,0.0
1633256940,0.0
1633257000,0.0
1633257060,0.0
1633257120,0.0
1633257180,0.0
1633257240,0.0
1633257300,0.0
1633257360,0.0
1633257420,0.0
1633257480,0.0
1633257540,0.0
1633257600,0.0
1633257660,0.0
1633257720,0.0
1633257780,0.0
1633257840,0.0
1633257900,0.0
1633257960,0.0
1633258020,0.0
1633258080,0.0
1633258140,0.0
1633258200,0.0
1633258260,0.0
1633258320,0.0
1633258380,0.0
1633258440,0.0
1633258500,0.0
1633258560,0.0
1633258620,0.0
1633258680,0.0
1633258740,0.0
1633258800,0.0
1633258860,0.0
1633258920,0.0
1633258980,0.0
1633259040,0.0
1633259100,0.0
1633259160,0.0
1633259220,0.0
1633259280,0.0
1633259340,0.0
1633259400,0.0
1633259460,0.0
1633259520,0.0
1633259580,0.0
1633259640,0.0
1633259700,0.0
1633259760,0.0
1633259820,0.0
1633259880,0.0
1633259940,0.0
1633260000,0.0
1633260060,0.0
1633260120,0.0
1633260180,0.0
1633260240,0.0
1633260300,0.0
1633260360,0.0
1633260420,0.0
1633260480,0.0
1633260540,0.0
1633260600,0.0
1633260660,0.0
1633260720,0.0
1633260780,0.0
1633260840,0.0
1633260900,0.0
1633260960,0.0
1633261020,0.0
1633261080,0.0
1633261140,0.0
1633261200,0.0
1633261260,0.0
1633261320,0.0
1633261380,0.0
1633261440,0.0
1633261500,0.0
1633261560,0.0
1633261620,0.0
1633261680,0.0
1633261740,0.0
1633261800,0.0
1633261860,0.0
1633261920,0.0
1633261980,0.0
1633262040,0.0
1633262100,0.0
1633262160,0.0
1633262220,0.0
1633262280,8.0
1633262340,11.0
1633262400,13.0
1633262460,12.0
1633262520,11.0
1633262580,7.0
1633262640,4.0
1633262700,3.0
1633262760,0.0
1633262820,0.0
1633262880,0.0
1633262940,1.0
1633263000,0.0
1633263060,0.0
1633263120,0.0
1633263180,0.0
1633263240,0.0
1633263300,0.0
1633263360,0.0
1633263420,0.0
1633263480,0.0
1633263540,0.0
1633263600,0.0
1633263660,0.0
1633263720,0.0
1633263780,0.0
1633263840,0.0
1633263900,0.0
1633263960,0.0
1633264020,0.0
1633264080,0.0
1633264140,0.0
1633264200,0.0
1633264260,0.0
1633264320,0.0
1633264380,0.0
1633264440,0.0
1633264500,0.0
1633264560,0.0
1633264620,0.0
1633264680,0.0
1633264740,0.0
1633264800,0.0
1633264860,0.0
1633264920,0.0
1633264980,0.0
1633265040,0.0
1633265100,0.0
1633265160,0.0
1633265220,0.0
1633265280,0.0
1633265340,0.0
1633265400,0.0
1633265460,0.0
1633265520,0.0
1633265580,0.0
1633265640,0.0
1633265700,0.0
1633265760,0.0
1633265820,0.0
1633265880,0.0
1633265940,0.0
1633266000,0.0
1633266060,0.0
1633266120,0.0
1633266180,0.0
1633266240,0.0
1633266300,0.0
1633266360,0.0
1633266420,0.0
1633266480,0.0
1633266540,0.0
1633266600,0.0
1633266660,0.0
1633266720,0.0
1633266780,0.0
1633266840,0.0
1633266900,0.0
1633266960,0.0
1633267020,0.0
1633267080,0.0
1633267140,0.0
1633267200,0.0
1633267260,0.0
1633267320,0.0
1633267380,0.0
1633267440,0.0
1633267500,0.0
1633267560,0.0
1633267620,0.0
1633267680,0.0
1633267740,0.0
1633267800,0.0
1633267860,0.0
1633267920,0.0
1633267980,0.0
1633268040,0.0
1633268100,0.0
1633268160,0.0
1633268220,0.0
1633268280,0.0
1633268340,0.0
1633268400,0.0
1633268460,0.0
1633268520,0.0
1633268580,0.0
1633268640,0.0
1633268700,0.0
1633268760,0.0
1633268820,0.0
1633268880,0.0
1633268940,0.0
1633269000,0.0
1633269060,0.0
1633269120,0.0
1633269180,0.0
1633269240,0.0
1633269300,0.0
1633269360,0.0
1633269420,0.0
1633269480,0.0
1633269540,0.0
1633269600,0.0
1633269660,0.0
1633269720,0.0
1633269780,0.0
1633269840,0.0
1633269900,0.0
1633269960,0.0
1633270020,0.0
1633270080,0.0
1633270140,0.0
1633270200,0.0
1633270260,0.0
1633270320,0.0
1633270380,0.0
1633270440,0.0
1633270500,0.0
1633270560,0.0
1633270620,0.0
1633270680,0.0
1633270740,0.0
1633270800,0.0
1633270860,0.0
1633270920,0.0
1633270980,0.0
1633271040,0.0
1633271100,0.0
1633271160,0.0
1633271220,0.0
1633271280,0.0
1633271340,0.0
1633271400,0.0
1633271460,0.0
1633271520,0.0
1633271580,0.0
1633271640,0.0
1633271700,0.0
1633271760,0.0
1633271820,0.0
1633271880,0.0
1633271940,0.0
1633272000,0.0
1633272060,0.0
1633272120,0.0
1633272180,0.0
1633272240,0.0
1633272300,11.0
1633272360,37.0
1633272420,31.0
1633272480,0.0
1633272540,0.0
1633272600,0.0
1633272660,0.0
1633272720,0.0
1633272780,0.0
1633272840,0.0
1633272900,0.0
1633272960,0.0
1633273020,0.0
1633273080,0.0
1633273140,0.0
1633273200,0.0
1633273260,0.0
1633273320,0.0
1633273380,0.0
1633273440,0.0
1633273500,0.0
1633273560,0.0
1633273620,0.0
1633273680,0.0
1633273740,0.0
1633273800,0.0
1633273860,0.0
1633273920,0.0
1633273980,0.0
1633274040,0.0
1633274100,0.0
1633274160,0.0
1633274220,0.0
1633274280,0.0
1633274340,0.0
1633274400,0.0
1633274460,0.0
1633274520,0.0
1633274580,0.0
1633274640,0.0
1633274700,0.0
1633274760,0.0
1633274820,0.0
1633274880,0.0
1633274940,0.0
1633275000,0.0
1633275060,0.0
1633275120,0.0
1633275180,0.0
1633275240,0.0
1633275300,0.0
1633275360,0.0
1633275420,0.0
1633275480,0.0
1633275540,0.0
1633275600,0.0
1633275660,0.0
1633275720,0.0
1633275780,0.0
1633275840,0.0
1633275900,0.0
1633275960,0.0
1633276020,0.0
1633276080,0.0
1633276140,0.0
1633276200,0.0
1633276260,0.0
1633276320,0.0
1633276380,0.0
1633276440,0.0
1633276500,0.0
1633276560,0.0
1633276620,0.0
1633276680,0.0
1633276740,0.0
1633276800,0.0
1633276860,0.0
1633276920,0.0
1633276980,0.0
1633277040,0.0
1633277100,0.0
1633277160,0.0
1633277220,0.0
1633277280,0.0
1633277340,0.0
1633277400,0.0
1633277460,0.0
1633277520,0.0
1633277580,0.0
1633277640,0.0
1633277700,0.0
1633277760,0.0
1633277820,0.0
1633277880,0.0
1633277940,0.0
1633278000,0.0
1633278060,0.0
1633278120,0.0
1633278180,0.0
1633278240,0.0
1633278300,0.0
1633278360,0.0
1633278420,0.0
1633278480,0.0
1633278540,0.0
1633278600,0.0
1633278660,0.0
1633278720,0.0
1633278780,0.0
1633278840,0.0
1633278900,0.0
1633278960,0.0
1633279020,0.0
1633279080,0.0
1633279140,0.0
1633279200,0.0
1633279260,0.0
1633279320,0.0
1633279380,0.0
1633279440,0.0
1633279500,0.0
1633279560,0.0
1633279620,0.0
1633279680,0.0
1633279740,0.0
1633279800,0.0
1633279860,0.0
1633279920,0.0
1633279980,0.0
1633280040,0.0
1633280100,0.0
1633280160,0.0
1633280220,0.0
1633280280,0.0
1633280340,0.0
1633280400,0.0
1633280460,0.0
1633280520,0.0
1633280580,0.0
1633280640,0.0
1633280700,0.0
1633280760,0.0
1633280820,0.0
1633280880,0.0
1633280940,0.0
1633281000,0.0
1633281060,0.0
1633281120,0.0
1633281180,0.0
1633281240,0.0
1633281300,0.0
1633281360,0.0
1633281420,0.0
1633281480,0.0
1633281540,0.0
1633281600,0.0
1633281660,0.0
1633281720,0.0
1633281780,0.0
1633281840,0.0
1633281900,0.0
1633281960,0.0
1633282020,0.0
1633282080,0.0
1633282140,0.0
1633282200,0.0
1633282260,0.0
1633282320,0.0
1633282380,0.0
1633282440,0.0
1633282500,0.0
1633282560,0.0
1633282620,0.0
1633282680,0.0
1633282740,0.0
1633282800,0.0
1633282860,0.0
1633282920,0.0
1633282980,0.0
1633283040,0.0
1633283100,0.0
1633283160,0.0
1633283220,0.0
1633283280,0.0
1633283340,0.0
1633283400,0.0
1633283460,0.0
1633283520,0.0
1633283580,0.0
1633283640,0.0
1633283700,0.0
1633283760,0.0
1633283820,0.0
1633283880,0.0
1633283940,0.0
1633284000,0.0
1633284060,0.0
1633284120,0.0
1633284180,0.0
1633284240,0.0
1633284300,0.0
1633284360,0.0
1633284420,0.0
1633284480,0.0
1633284540,0.0
1633284600,0.0
1633284660,0.0
1633284720,0.0
1633284780,0.0
1633284840,0.0
1633284900,0.0
1633284960,0.0
1633285020,0.0
1633285080,0.0
1633285140,0.0
1633285200,0.0
1633285260,0.0
1633285320,0.0
1633285380,0.0
1633285440,0.0
1633285500,0.0
1633285560,0.0
1633285620,0.0
1633285680,0.0
1633285740,0.0
1633285800,0.0
1633285860,0.0
1633285920,0.0
1633285980,0.0
1633286040,0.0
1633286100,0.0
1633286160,0.0
1633286220,0.0
1633286280,0.0
1633286340,0.0
1633286400,0.0
1633286460,0.0
1633286520,0.0
1633286580,0.0
1633286640,0.0
1633286700,0.0
1633286760,0.0
1633286820,0.0
1633286880,0.0
1633286940,0.0
1633287000,0.0
1633287060,0.0
1633287120,0.0
1633287180,0.0
1633287240,0.0
1633287300,0.0
1633287360,0.0
1633287420,0.0
1633287480,0.0
1633287540,0.0
1633287600,0.0
1633287660,0.0
1633287720,0.0
1633287780,0.0
1633287840,0.0
1633287900,0.0
1633287960,0.0
1633288020,0.0
1633288080,0.0
1633288140,0.0
1633288200,0.0
1633288260,0.0
1633288320,0.0
1633288380,0.0
1633288440,0.0
1633288500,0.0
1633288560,0.0
1633288620,0.0
1633288680,0.0
1633288740,0.0
1633288800,0.0
1633288860,0.0
1633288920,0.0
1633288980,0.0
1633289040,0.0
1633289100,0.0
1633289160,0.0
1633289220,0.0
1633289280,0.0
1633289340,0.0
1633289400,0.0
1633289460,0.0
1633289520,0.0
1633289580,0.0
1633289640,0.0
1633289700,0.0
1633289760,0.0
1633289820,0.0
1633289880,0.0
1633289940,0.0
1633290000,0.0
1633290060,0.0
1633290120,0.0
1633290180,0.0
1633290240,0.0
1633290300,0.0
1633290360,0.0
1633290420,0.0
1633290480,0.0
1633290540,0.0
1633290600,0.0
1633290660,0.0
1633290720,0.0
1633290780,0.0
1633290840,0.0
1633290900,0.0
1633290960,0.0
1633291020,0.0
1633291080,0.0
1633291140,0.0
1633291200,0.0
1633291260,0.0
1633291320,0.0
1633291380,0.0
1633291440,0.0
1633291500,0.0
1633291560,0.0
1633291620,0.0
1633291680,0.0
1633291740,0.0
1633291800,0.0
1633291860,0.0
1633291920,0.0
1633291980,0.0
1633292040,0.0
1633292100,0.0
1633292160,0.0
1633292220,0.0
1633292280,0.0
1633292340,0.0
1633292400,0.0
1633292460,0.0
1633292520,0.0
1633292580,0.0
1633292640,0.0
1633292700,0.0
1633292760,0.0
1633292820,0.0
1633292880,0.0
1633292940,0.0
1633293000,0.0
1633293060,0.0
1633293120,0.0
1633293180,0.0
1633293240,0.0
1633293300,0.0
1633293360,0.0
1633293420,0.0
1633293480,0.0
1633293540,0.0
1633293600,0.0
1633293660,0.0
1633293720,0.0
1633293780,0.0
1633293840,0.0
1633293900,0.0
1633293960,0.0
1633294020,0.0
1633294080,0.0
1633294140,0.0
1633294200,0.0
1633294260,0.0
1633294320,0.0
1633294380,0.0
1633294440,0.0
1633294500,0.0
1633294560,0.0
1633294620,0.0
1633294680,0.0
1633294740,0.0
1633294800,0.0
1633294860,0.0
1633294920,0.0
1633294980,0.0
1633295040,0.0
1633295100,0.0
1633295160,0.0
1633295220,0.0
1633295280,0.0
1633295340,0.0
1633295400,0.0
1633295460,0.0
1633295520,0.0
1633295580,0.0
1633295640,0.0
1633295700,0.0
1633295760,0.0
1633295820,0.0
1633295880,0.0
1633295940,0.0
1633296000,0.0
1633296060,0.0
1633296120,0.0
1633296180,0.0
1633296240,0.0
1633296300,0.0
1633296360,0.0
1633296420,0.0
1633296480,0.0
1633296540,0.0
1633296600,0.0
1633296660,0.0
1633296720,0.0
1633296780,0.0
1633296840,0.0
1633296900,0.0
1633296960,0.0
1633297020,0.0
1633297080,0.0
1633297140,0.0
1633297200,0.0
1633297260,0.0
1633297320,0.0
1633297380,0.0
1633297440,0.0
1633297500,0.0
1633297560,0.0
1633297620,0.0
1633297680,0.0
1633297740,0.0
1633297800,0.0
1633297860,0.0
1633297920,0.0
1633297980,0.0
1633298040,0.0
1633298100,0.0
1633298160,0.0
1633298220,0.0
1633298280,0.0
1633298340,0.0
1633298400,0.0
1633298460,0.0
1633298520,0.0
1633298580,0.0
1633298640,0.0
1633298700,0.0
1633298760,0.0
1633298820,0.0
1633298880,0.0
1633298940,0.0
1633299000,0.0
1633299060,0.0
1633299120,0.0
1633299180,0.0
1633299240,0.0
1633299300,0.0
1633299360,0.0
1633299420,0.0
1633299480,0.0
1633299540,0.0
1633299600,0.0
1633299660,0.0
1633299720,0.0
1633299780,0.0
1633299840,0.0
1633299900,0.0
1633299960,0.0
1633300020,0.0
1633300080,0.0
1633300140,0.0
1633300200,0.0
1633300260,0.0
1633300320,0.0
1633300380,0.0
1633300440,0.0
1633300500,0.0
1633300560,0.0
1633300620,0.0
1633300680,0.0
1633300740,0.0
1633300800,0.0
1633300860,0.0
1633300920,0.0
1633300980,0.0
1633301040,0.0
1633301100,0.0
1633301160,0.0
1633301220,0.0
1633301280,0.0
1633301340,0.0
1633301400,0.0
1633301460,0.0
1633301520,0.0
1633301580,0.0
1633301640,0.0
1633301700,0.0
1633301760,0.0
1633301820,0.0
1633301880,0.0
1633301940,0.0
1633302000,0.0
1633302060,0.0
1633302120,0.0
1633302180,0.0
1633302240,0.0
1633302300,0.0
1633302360,0.0
1633302420,0.0
1633302480,0.0
1633302540,0.0
1633302600,0.0
1633302660,0.0
1633302720,0.0
1633302780,0.0
1633302840,0.0
1633302900,0.0
1633302960,0.0
1633303020,0.0
1633303080,0.0
1633303140,0.0
1633303200,0.0
1633303260,0.0
1633303320,0.0
1633303380,0.0
1633303440,0.0
1633303500,0.0
1633303560,0.0
1633303620,0.0
1633303680,0.0
1633303740,0.0
1633303800,0.0
1633303860,0.0
1633303920,0.0
1633303980,0.0
1633304040,0.0
1633304100,0.0
1633304160,0.0
1633304220,0.0
1633304280,0.0
1633304340,4.0
1633304400,36.0
1633304460,29.0
1633304520,0.0
1633304580,0.0
1633304640,0.0
1633304700,0.0
1633304760,0.0
1633304820,0.0
1633304880,0.0
1633304940,0.0
1633305000,0.0
1633305060,0.0
1633305120,0.0
1633305180,0.0
1633305240,0.0
1633305300,0.0
1633305360,0.0
1633305420,0.0
1633305480,0.0
1633305540,0.0
1633305600,0.0
1633305660,0.0
1633305720,0.0
1633305780,0.0
1633305840,0.0
1633305900,0.0
1633305960,0.0
1633306020,0.0
1633306080,0.0
1633306140,0.0
1633306200,0.0
1633306260,0.0
1633306320,0.0
1633306380,0.0
1633306440,0.0
1633306500,0.0
1633306560,0.0
1633306620,0.0
1633306680,0.0
1633306740,0.0
1633306800,0.0
1633306860,0.0
1633306920,0.0
1633306980,0.0
1633307040,0.0
1633307100,0.0
1633307160,0.0
1633307220,0.0
1633307280,0.0
1633307340,0.0
1633307400,0.0
1633307460,0.0
1633307520,0.0
1633307580,0.0
1633307640,0.0
1633307700,0.0
1633307760,0.0
1633307820,0.0
1633307880,0.0
1633307940,0.0
1633308000,0.0
1633308060,0.0
1633308120,0.0
1633308180,0.0
1633308240,0.0
1633308300,0.0
1633308360,0.0
1633308420,0.0
1633308480,0.0
1633308540,0.0
1633308600,0.0
1633308660,0.0
1633308720,0.0
1633308780,0.0
1633308840,0.0
1633308900,0.0
1633308960,0.0
1633309020,0.0
1633309080,0.0
1633309140,0.0
1633309200,0.0
1633309260,0.0
1633309320,0.0
1633309380,0.0
1633309440,0.0
1633309500,0.0
1633309560,0.0
1633309620,0.0
1633309680,0.0
1633309740,0.0
1633309800,0.0
1633309860,0.0
1633309920,0.0
1633309980,0.0
1633310040,0.0
1633310100,0.0
1633310160,0.0
1633310220,0.0
1633310280,0.0
1633310340,0.0
1633310400,0.0
1633310760,0.0
1633310820,0.0
1633310880,0.0
1633310940,0.0
1633311000,0.0
1633311060,0.0
1633311120,0.0
1633311180,0.0
1633311240,0.0
1633311300,0.0
1633311360,0.0
1633311420,0.0
1633311480,0.0
1633311540,0.0
1633311600,0.0
1633311660,0.0
1633311720,0.0
1633311780,0.0
1633311840,0.0
1633311900,0.0
1633311960,0.0
1633312020,0.0
1633312080,0.0
1633312140,0.0
1633312200,0.0
1633312260,0.0
1633312320,0.0
1633312380,0.0
1633312440,0.0
1633312500,0.0
1633312560,0.0
1633312620,0.0
1633312680,0.0
1633312740,0.0
1633312800,0.0
1633312860,0.0
1633312920,0.0
1633312980,0.0
1633313040,0.0
1633313100,0.0
1633313160,0.0
1633313220,0.0
1633313280,0.0
1633313340,0.0
1633313400,0.0
1633313460,0.0
1633313520,0.0
1633313580,0.0
1633313640,0.0
1633313700,0.0
1633313760,0.0
1633313820,0.0
1633313880,0.0
1633313940,0.0
1633314000,0.0
1633314060,0.0
1633314120,0.0
1633314180,0.0
1633314240,0.0
1633314300,0.0
1633314360,0.0
1633314420,0.0
1633314480,0.0
1633314540,0.0
1633314600,0.0
1633314660,0.0
1633314720,0.0
1633314780,0.0
1633314840,0.0
1633314900,0.0
1633314960,0.0
1633315020,0.0
1633315080,0.0
1633315140,0.0
1633315200,0.0
1633315260,0.0
1633315320,0.0
1633315380,0.0
1633315440,0.0
1633315500,0.0
1633315560,0.0
1633315620,0.0
1633315680,0.0
1633315740,0.0
1633315800,0.0
1633315860,0.0
1633315920,0.0
1633315980,0.0
1633316040,0.0
1633316100,0.0
1633316160,0.0
1633316220,0.0
1633316280,0.0
1633316340,0.0
1633316400,0.0
1633316460,0.0
1633316520,0.0
1633316580,0.0
1633316640,0.0
1633316700,0.0
1633316760,0.0
1633316820,0.0
1633316880,0.0
1633316940,0.0
1633317000,0.0
1633317060,0.0
1633317120,0.0
1633317180,0.0
1633317240,0.0
1633317300,0.0
1633317360,0.0
1633317420,0.0
1633317480,0.0
1633317540,0.0
1633317600,0.0
1633317660,0.0
1633317720,0.0
1633317780,0.0
1633317840,0.0
1633317900,0.0
1633317960,0.0
1633318020,0.0
1633318080,0.0
1633318140,0.0
1633318200,0.0
1633318260,0.0
1633318320,0.0
1633318380,0.0
1633318440,0.0
1633318500,0.0
1633318560,0.0
1633318620,0.0
1633318680,0.0
1633318740,0.0
1633318800,0.0
1633318860,0.0
1633318920,0.0
1633318980,0.0
1633319040,0.0
1633319100,0.0
1633319160,0.0
1633319220,0.0
1633319280,0.0
1633319340,0.0
1633319400,0.0
1633319460,0.0
1633319520,0.0
1633319580,0.0
1633319640,0.0
1633319700,0.0
1633319760,0.0
1633319820,0.0
1633319880,0.0
1633319940,0.0
1633320000,0.0
1633320060,0.0
1633320120,0.0
1633320180,0.0
1633320240,0.0
1633320300,0.0
1633320360,0.0
1633320420,0.0
1633320480,0.0
1633320540,0.0
1633320600,0.0
1633320660,0.0
1633320720,0.0
1633320780,0.0
1633320840,0.0
1633320900,0.0
1633320960,0.0
1633321020,0.0
1633321080,0.0
1633321140,0.0
1633321200,0.0
1633321260,0.0
1633321320,0.0
1633321380,0.0
1633321440,0.0
1633321500,0.0
1633321560,0.0
1633321620,0.0
1633321680,0.0
1633321740,0.0
1633321800,0.0
1633321860,0.0
1633321920,0.0
1633321980,0.0
1633322040,0.0
1633322100,0.0
1633322160,0.0
1633322220,0.0
1633322280,0.0
1633322340,0.0
1633322400,0.0
1633322460,0.0
1633322520,0.0
1633322580,0.0
1633322640,0.0
1633322700,0.0
1633322760,0.0
1633322820,0.0
1633322880,0.0
1633322940,0.0
1633323000,0.0
1633323060,0.0
1633323120,0.0
1633323180,0.0
1633323240,0.0
1633323300,0.0
1633323360,0.0
1633323420,0.0
1633323480,0.0
1633323540,0.0
1633323600,0.0
1633323660,0.0
1633323720,0.0
1633323780,0.0
1633323840,0.0
1633323900,0.0
1633323960,0.0
1633324020,0.0
1633324080,0.0
1633324140,0.0
1633324200,0.0
1633324260,0.0
1633324320,0.0
1633324380,0.0
1633324440,0.0
1633324500,0.0
1633324560,0.0
1633324620,0.0
1633324680,0.0
1633324740,0.0
1633324800,0.0
1633324860,0.0
1633324920,0.0
1633324980,0.0
1633325040,0.0
1633325100,0.0
1633325160,0.0
1633325220,0.0
1633325280,0.0
1633325340,0.0
1633325400,0.0
1633325460,0.0
1633325520,0.0
1633325580,0.0
1633325640,0.0
1633325700,0.0
1633325760,0.0
1633325820,0.0
1633325880,0.0
1633325940,0.0
1633326000,0.0
1633326060,0.0
1633326120,0.0
1633326180,0.0
1633326240,0.0
1633326300,0.0
1633326360,0.0
1633326420,0.0
1633326480,0.0
1633326540,0.0
1633326600,0.0
1633326660,0.0
1633326720,0.0
1633326780,0.0
1633326840,0.0
1633326900,0.0
1633326960,0.0
1633327020,0.0
1633327080,0.0
1633327140,0.0
1633327200,0.0
1633327260,0.0
1633327320,0.0
1633327380,0.0
1633327440,0.0
1633327500,0.0
1633327560,0.0
1633327620,0.0
1633327680,0.0
1633327740,0.0
1633327800,0.0
1633327860,0.0
1633327920,0.0
1633327980,0.0
1633328040,0.0
1633328100,0.0
1633328160,0.0
1633328220,0.0
1633328280,0.0
1633328340,0.0
1633328400,0.0
1633328460,0.0
1633328520,0.0
1633328580,0.0
1633328640,0.0
1633328700,0.0
1633328760,0.0
1633328820,0.0
1633328880,0.0
1633328940,0.0
1633329000,0.0
1633329060,0.0
1633329120,0.0
1633329180,0.0
1633329240,0.0
1633329300,0.0
1633329360,0.0
1633329420,0.0
1633329480,0.0
1633329540,0.0
1633329600,0.0
1633329660,0.0
1633329720,0.0
1633329780,0.0
1633329840,0.0
1633329900,0.0
1633329960,0.0
1633330020,0.0
1633330080,0.0
1633330140,0.0
1633330200,0.0
1633330260,0.0
1633330320,0.0
1633330380,0.0
1633330440,0.0
1633330500,0.0
1633330560,0.0
1633330620,0.0
1633330680,0.0
1633330740,0.0
1633330800,0.0
1633330860,0.0
1633330920,0.0
1633330980,0.0
1633331040,0.0
1633331100,0.0
1633331160,0.0
1633331220,0.0
1633331280,0.0
1633331340,0.0
1633331400,0.0
1633331460,0.0
1633331520,0.0
1633331580,0.0
1633331640,0.0
1633331700,0.0
1633331760,0.0
1633331820,0.0
1633331880,0.0
1633331940,0.0
1633332000,0.0
1633332060,0.0
1633332120,0.0
1633332180,0.0
1633332240,0.0
1633332300,0.0
1633332360,0.0
1633332420,0.0
1633332480,0.0
1633332540,0.0
1633332600,0.0
1633332660,0.0
1633332720,0.0
1633332780,0.0
1633332840,0.0
1633332900,0.0
1633332960,0.0
1633333020,0.0
1633333080,0.0
1633333140,0.0
1633333200,0.0
1633333260,0.0
1633333320,0.0
1633333380,0.0
1633333440,0.0
1633333500,0.0
1633333560,0.0
1633333620,0.0
1633333680,0.0
1633333740,0.0
1633333800,0.0
1633333860,0.0
1633333920,0.0
1633333980,0.0
1633334040,0.0
1633334100,0.0
1633334160,0.0
1633334220,0.0
1633334280,0.0
1633334340,0.0
1633334400,0.0
1633334460,0.0
1633334520,0.0
1633334580,0.0
1633334640,0.0
1633334700,0.0
1633334760,0.0
1633334820,0.0
1633334880,0.0
1633334940,0.0
1633335000,0.0
1633335060,0.0
1633335120,0.0
1633335180,0.0
1633335240,0.0
1633335300,0.0
1633335360,0.0
1633335420,0.0
1633335480,0.0
1633335540,0.0
1633335600,0.0
1633335660,0.0
1633335720,0.0
1633335780,0.0
1633335840,0.0
1633335900,0.0
1633335960,0.0
1633336020,0.0
1633336080,0.0
1633336140,0.0
1633336200,0.0
1633336260,0.0
1633336320,0.0
1633336380,0.0
1633336440,0.0
1633336500,0.0
1633336560,0.0
1633336620,0.0
1633336680,0.0
1633336740,0.0
1633336800,0.0
1633336860,0.0
1633336920,0.0
1633336980,0.0
1633337040,0.0
1633337100,0.0
1633337160,0.0
1633337220,0.0
1633337280,0.0
1633337340,0.0
1633337400,0.0
1633337460,0.0
1633337520,0.0
1633337580,0.0
1633337640,0.0
1633337700,0.0
1633337760,0.0
1633337820,0.0
1633337880,0.0
1633337940,0.0
1633338000,0.0
1633338060,0.0
1633338120,0.0
1633338180,0.0
1633338240,0.0
1633338300,0.0
1633338360,0.0
1633338420,0.0
1633338480,0.0
1633338540,0.0
1633338600,0.0
1633338660,0.0
1633338720,0.0
1633338780,0.0
1633338840,0.0
1633338900,0.0
1633338960,0.0
1633339020,0.0
1633339080,0.0
1633339140,0.0
1633339200,0.0
1633339260,0.0
1633339320,0.0
1633339380,0.0
1633339440,0.0
1633339500,0.0
1633339560,0.0
1633339620,0.0
1633339680,0.0
1633339740,0.0
1633339800,0.0
1633339860,0.0
1633339920,0.0
1633339980,0.0
1633340040,0.0
1633340100,0.0
1633340160,0.0
1633340220,0.0
1633340280,0.0
1633340340,0.0
1633340400,0.0
1633340460,0.0
1633340520,0.0
1633340580,0.0
1633340640,0.0
1633340700,0.0
1633340760,0.0
1633340820,0.0
1633340880,0.0
1633340940,0.0
1633341000,0.0
1633341060,0.0
1633341120,0.0
1633341180,0.0
1633341240,0.0
1633341300,0.0
1633341360,0.0
1633341420,0.0
1633341480,0.0
1633341540,0.0
1633341600,0.0
1633341660,0.0
1633341720,0.0
1633341780,0.0
1633341840,0.0
1633341900,0.0
1633341960,0.0
1633342020,0.0
1633342080,0.0
1633342140,0.0
1633342200,0.0
1633342260,0.0
1633342320,0.0
1633342380,0.0
1633342440,0.0
1633342500,0.0
1633342560,0.0
1633342620,0.0
1633342680,0.0
1633342740,0.0
1633342800,0.0
1633342860,0.0
1633342920,0.0
1633342980,0.0
1633343040,0.0
1633343100,0.0
1633343160,0.0
1633343220,0.0
1633343280,0.0
1633343340,0.0
1633343400,0.0
1633343460,0.0
1633343520,0.0
1633343580,0.0
1633343640,0.0
1633343700,0.0
1633343760,0.0
1633343820,0.0
1633343880,0.0
1633343940,0.0
1633344000,0.0
1633344060,0.0
1633344120,0.0
1633344180,0.0
1633344240,0.0
1633344300,0.0
1633344360,0.0
1633344420,0.0
1633344480,0.0
1633344540,0.0
1633344600,0.0
1633344660,0.0
1633344720,0.0
1633344780,0.0
1633344840,0.0
1633344900,0.0
1633344960,0.0
1633345020,0.0
1633345080,0.0
1633345140,0.0
1633345200,0.0
1633345260,0.0
1633345320,0.0
1633345380,0.0
1633345440,0.0
1633345500,0.0
1633345560,0.0
1633345620,0.0
1633345680,0.0
1633345740,0.0
1633345800,0.0
1633345860,0.0
1633345920,0.0
1633345980,0.0
1633346040,0.0
1633346100,0.0
1633346160,0.0
1633346220,0.0
1633346280,0.0
1633346340,0.0
1633346400,0.0
1633346460,0.0
1633346520,0.0
1633346580,0.0
1633346640,0.0
1633346700,0.0
1633346760,0.0
1633346820,0.0
1633346880,0.0
1633346940,0.0
1633347000,0.0
1633347060,0.0
1633347120,0.0
1633347180,0.0
1633347240,0.0
1633347300,0.0
1633347360,0.0
1633347420,0.0
1633347480,0.0
1633347540,0.0
1633347600,0.0
1633347660,0.0
1633347720,0.0
1633347780,0.0
1633347840,0.0
1633347900,0.0
1633347960,0.0
1633348020,0.0
1633348080,0.0
1633348140,0.0
1633348200,0.0
1633348260,0.0
1633348320,0.0
1633348380,0.0
1633348440,0.0
1633348500,0.0
1633348560,0.0
1633348620,0.0
1633348680,0.0
1633348740,0.0
1633348800,0.0
1633348860,0.0
1633348920,0.0
1633348980,0.0
1633349040,0.0
1633349100,0.0
1633349160,0.0
1633349220,0.0
1633349280,0.0
1633349340,0.0
1633349400,0.0
1633349460,0.0
1633349520,0.0
1633349580,0.0
1633349640,0.0
1633349700,0.0
1633349760,0.0
1633349820,0.0
1633349880,0.0
1633349940,0.0
1633350000,0.0
1633350060,0.0
1633350120,0.0
1633350180,0.0
1633350240,0.0
1633350300,0.0
1633350360,0.0
1633350420,0.0
1633350480,0.0
1633350540,0.0
1633350600,0.0
1633350660,0.0
1633350720,0.0
1633350780,0.0
1633350840,0.0
1633350900,0.0
1633350960,0.0
1633351020,0.0
1633351080,0.0
1633351140,0.0
1633351200,0.0
1633351260,0.0
1633351320,0.0
1633351380,0.0
1633351440,0.0
1633351500,0.0
1633351560,0.0
1633351620,0.0
1633351680,0.0
1633351740,0.0
1633351800,0.0
1633351860,0.0
1633351920,0.0
1633351980,0.0
1633352040,0.0
1633352100,0.0
1633352160,0.0
1633352220,0.0
1633352280,0.0
1633352340,0.0
1633352400,0.0
1633352460,0.0
1633352520,0.0
1633352580,0.0
1633352640,0.0
1633352700,0.0
1633352760,0.0
1633352820,0.0
1633352880,0.0
1633352940,0.0
1633353000,0.0
1633353060,0.0
1633353120,0.0
1633353180,0.0
1633353240,0.0
1633353300,0.0
1633353360,0.0
1633353420,0.0
1633353480,0.0
1633353540,0.0
1633353600,0.0
1633353660,0.0
1633353720,0.0
1633353780,0.0
1633353840,0.0
1633353900,0.0
1633353960,0.0
1633354020,0.0
1633354080,0.0
1633354140,0.0
1633354200,0.0
1633354260,0.0
1633354320,0.0
1633354380,0.0
1633354440,0.0
1633354500,0.0
1633354560,0.0
1633354620,0.0
1633354680,0.0
1633354740,0.0
1633354800,0.0
1633354860,0.0
1633354920,0.0
1633354980,0.0
1633355040,0.0
1633355100,0.0
1633355160,0.0
1633355220,0.0
1633355280,0.0
1633355340,0.0
1633355400,0.0
1633355460,0.0
1633355520,0.0
1633355580,0.0
1633355640,0.0
1633355700,0.0
1633355760,0.0
1633355820,0.0
1633355880,0.0
1633355940,0.0
1633356000,0.0
1633356060,0.0
1633356120,0.0
1633356180,0.0
1633356240,0.0
1633356300,0.0
1633356360,0.0
1633356420,0.0
1633356480,0.0
1633356540,0.0
1633356600,0.0
1633356660,0.0
1633356720,0.0
1633356780,0.0
1633356840,0.0
1633356900,0.0
1633356960,0.0
1633357020,0.0
1633357080,0.0
1633357140,0.0
1633357200,0.0
1633357260,0.0
1633357320,0.0
1633357380,0.0
1633357440,0.0
1633357500,0.0
1633357560,0.0
1633357620,0.0
1633357680,0.0
1633357740,0.0
1633357800,0.0
1633357860,0.0
1633357920,0.0
1633357980,0.0
1633358040,0.0
1633358100,0.0
1633358160,0.0
1633358220,0.0
1633358280,0.0
1633358340,0.0
1633358400,0.0
1633358460,0.0
1633358520,0.0
1633358580,0.0
1633358640,0.0
1633358700,0.0
1633358760,0.0
1633358820,0.0
1633358880,0.0
1633358940,0.0
1633359000,0.0
1633359060,0.0
1633359120,0.0
1633359180,0.0
1633359240,0.0
1633359300,0.0
1633359360,0.0
1633359420,0.0
1633359480,0.0
1633359540,0.0
1633359600,0.0
1633359660,0.0
1633359720,0.0
1633359780,0.0
1633359840,0.0
1633359900,0.0
1633359960,0.0
1633360020,0.0
1633360080,0.0
1633360140,0.0
1633360200,0.0
1633360260,0.0
1633360320,0.0
1633360380,0.0
1633360440,0.0
1633360500,0.0
1633360560,0.0
1633360620,0.0
1633360680,0.0
1633360740,0.0
1633360800,0.0
1633360860,0.0
1633360920,0.0
1633360980,0.0
1633361040,0.0
1633361100,0.0
1633361160,0.0
1633361220,0.0
1633361280,0.0
1633361340,0.0
1633361400,0.0
1633361460,0.0
1633361520,0.0
1633361580,0.0
1633361640,0.0
1633361700,0.0
1633361760,0.0
1633361820,0.0
1633361880,0.0
1633361940,0.0
1633362000,0.0
1633362060,0.0
1633362120,0.0
1633362180,0.0
1633362240,0.0
1633362300,0.0
1633362360,0.0
1633362420,0.0
1633362480,0.0
1633362540,0.0
1633362600,0.0
1633362660,0.0
1633362720,0.0
1633362780,0.0
1633362840,0.0
1633362900,0.0
1633362960,0.0
1633363020,0.0
1633363080,0.0
1633363140,0.0
1633363200,0.0
1633363260,0.0
1633363320,0.0
1633363380,0.0
1633363440,0.0
1633363500,0.0
1633363560,0.0
1633363620,0.0
1633363680,0.0
1633363740,0.0
1633363800,0.0
1633363860,0.0
1633363920,0.0
1633363980,0.0
1633364040,0.0
1633364100,0.0
1633364160,0.0
1633364220,0.0
1633364280,0.0
1633364340,0.0
1633364400,0.0
1633364460,0.0
1633364520,0.0
1633364580,0.0
1633364640,0.0
1633364700,0.0
1633364760,0.0
1633364820,0.0
1633364880,0.0
1633364940,0.0
1633365000,0.0
1633365060,0.0
1633365120,0.0
1633365180,0.0
1633365240,0.0
1633365300,0.0
1633365360,0.0
1633365420,0.0
1633365480,0.0
1633365540,0.0
1633365600,0.0
1633365660,0.0
1633365720,0.0
1633365780,0.0
1633365840,0.0
1633365900,0.0
1633365960,0.0
1633366020,0.0
1633366080,0.0
1633366140,0.0
1633366200,0.0
1633366260,0.0
1633366320,0.0
1633366380,0.0
1633366440,0.0
1633366500,0.0
1633366560,0.0
1633366620,0.0
1633366680,0.0
1633366740,0.0
1633366800,0.0
1633366860,0.0
1633366920,0.0
1633366980,0.0
1633367040,0.0
1633367100,0.0
1633367160,0.0
1633367220,0.0
1633367280,0.0
1633367340,0.0
1633367400,0.0
1633367460,0.0
1633367520,0.0
1633367580,0.0
1633367640,0.0
1633367700,0.0
1633367760,0.0
1633367820,0.0
1633367880,0.0
1633367940,0.0
1633368000,0.0
1633368060,0.0
1633368120,0.0
1633368180,0.0
1633368240,0.0
1633368300,0.0
1633368360,0.0
1633368420,0.0
1633368480,0.0
1633368540,0.0
1633368600,0.0
1633368660,0.0
1633368720,0.0
1633368780,0.0
1633368840,0.0
1633368900,0.0
1633368960,0.0
1633369020,0.0
1633369080,0.0
1633369140,0.0
1633369200,0.0
1633369260,0.0
1633369320,0.0
1633369380,0.0
1633369440,0.0
1633369500,0.0
1633369560,0.0
1633369620,0.0
1633369680,0.0
1633369740,0.0
1633369800,0.0
1633369860,0.0
1633369920,0.0
1633369980,0.0
1633370040,0.0
1633370100,0.0
1633370160,0.0
1633370220,0.0
1633370280,0.0
1633370340,0.0
1633370400,0.0
1633370460,0.0
1633370520,0.0
1633370580,0.0
1633370640,0.0
1633370700,0.0
1633370760,0.0
1633370820,0.0
1633370880,0.0
1633370940,0.0
1633371000,0.0
1633371060,0.0
1633371120,0.0
1633371180,0.0
1633371240,0.0
1633371300,0.0
1633371360,0.0
1633371420,0.0
1633371480,0.0
1633371540,0.0
1633371600,0.0
1633371660,0.0
1633371720,0.0
1633371780,0.0
1633371840,0.0
1633371900,0.0
1633371960,0.0
1633372020,0.0
1633372080,0.0
1633372140,0.0
1633372200,0.0
1633372260,0.0
1633372320,0.0
1633372380,0.0
1633372440,0.0
1633372500,0.0
1633372560,0.0
1633372620,0.0
1633372680,0.0
1633372740,0.0
1633372800,0.0
1633372860,0.0
1633372920,0.0
1633372980,0.0
1633373040,0.0
1633373100,0.0
1633373160,0.0
1633373220,0.0
1633373280,0.0
1633373340,0.0
1633373400,0.0
1633373460,0.0
1633373520,8.0
1633373580,11.0
1633373640,15.0
1633373700,16.0
1633373760,13.0
1633373820,13.0
1633373880,12.0
1633373940,13.0
1633374000,13.0
1633374060,12.0
1633374120,12.0
1633374180,13.0
1633374240,12.0
1633374300,13.0
1633374360,12.0
1633374420,13.0
1633374480,12.0
1633374540,13.0
1633374600,13.0
1633374660,12.0
1633374720,3.0
1633374780,0.0
1633374840,0.0
1633374900,1.0
1633374960,0.0
1633375020,0.0
1633375080,0.0
1633375140,0.0
1633375200,0.0
1633375260,0.0
1633375320,0.0
1633375380,0.0
1633375440,0.0
1633375500,0.0
1633375560,0.0
1633375620,0.0
1633375680,0.0
1633375740,0.0
1633375800,0.0
1633375860,0.0
1633375920,0.0
1633375980,0.0
1633376040,0.0
1633376100,0.0
1633376160,0.0
1633376220,0.0
1633376280,0.0
1633376340,0.0
1633376400,1.0
1633376460,0.0
1633376520,0.0
1633376580,1.0
1633376640,0.0
1633376700,0.0
1633376760,0.0
1633376820,0.0
1633376880,1.0
1633376940,0.0
1633377000,0.0
1633377060,0.0
1633377120,0.0
1633377180,0.0
1633377240,0.0
1633377300,0.0
1633377360,0.0
1633377420,0.0
1633377480,0.0
1633377540,0.0
1633377600,0.0
1633377660,0.0
1633377720,0.0
1633377780,1.0
1633377840,0.0
1633377900,0.0
1633377960,0.0
1633378020,0.0
1633378080,0.0
1633378140,0.0
1633378200,0.0
1633378260,0.0
1633378320,0.0
1633378380,0.0
1633378440,0.0
1633378500,0.0
1633378560,0.0
1633378620,0.0
1633378680,0.0
1633378740,0.0
1633378800,0.0
1633378860,0.0
1633378920,0.0
1633378980,0.0
1633379040,0.0
1633379100,0.0
1633379160,0.0
1633379220,0.0
1633379280,0.0
1633379340,0.0
1633379400,0.0
1633379460,0.0
1633379520,0.0
1633379580,0.0
1633379640,0.0
1633379700,0.0
1633379760,0.0
1633379820,0.0
1633379880,0.0
1633379940,0.0
1633380000,0.0
1633380060,0.0
1633380120,0.0
1633380180,0.0
1633380240,0.0
1633380300,0.0
1633380360,0.0
1633380420,0.0
1633380480,0.0
1633380540,0.0
1633380600,0.0
1633380660,0.0
1633380720,0.0
1633380780,0.0
1633380840,0.0
1633380900,0.0
1633380960,0.0
1633381020,0.0
1633381080,0.0
1633381140,0.0
1633381200,0.0
1633381260,0.0
1633381320,0.0
1633381380,0.0
1633381440,0.0
1633381500,0.0
1633381560,0.0
1633381620,0.0
1633381680,0.0
1633381740,0.0
1633381800,0.0
1633381860,0.0
1633381920,0.0
1633381980,0.0
1633382040,0.0
1633382100,0.0
1633382160,0.0
1633382220,0.0
1633382280,0.0
1633382340,0.0
1633382400,0.0
1633382460,0.0
1633382520,0.0
1633382580,0.0
1633382640,0.0
1633382700,0.0
1633382760,0.0
1633382820,0.0
1633382880,0.0
1633382940,0.0
1633383000,0.0
1633383060,0.0
1633383120,0.0
1633383180,0.0
1633383240,0.0
1633383300,0.0
1633383360,0.0
1633383420,0.0
1633383480,0.0
1633383540,0.0
1633383600,0.0
1633383660,0.0
1633383720,0.0
1633383780,0.0
1633383840,0.0
1633383900,0.0
1633383960,0.0
1633384020,0.0
1633384080,0.0
1633384140,0.0
1633384200,0.0
1633384260,0.0
1633384320,0.0
1633384380,0.0
1633384440,0.0
1633384500,0.0
1633384560,0.0
1633384620,0.0
1633384680,0.0
1633384740,0.0
1633384800,0.0
1633384860,0.0
1633384920,0.0
1633384980,0.0
1633385040,0.0
1633385100,0.0
1633385160,0.0
1633385220,0.0
1633385280,0.0
1633385340,0.0
1633385400,0.0
1633385460,0.0
1633385520,0.0
1633385580,0.0
1633385640,0.0
1633385700,0.0
1633385760,0.0
1633385820,0.0
1633385880,0.0
1633385940,0.0
1633386000,0.0
1633386060,0.0
1633386120,0.0
1633386180,0.0
1633386240,0.0
1633386300,0.0
1633386360,0.0
1633386420,0.0
1633386480,0.0
1633386540,0.0
1633386600,0.0
1633386660,0.0
1633386720,0.0
1633386780,0.0
1633386840,0.0
1633386900,0.0
1633386960,0.0
1633387020,0.0
1633387080,0.0
1633387140,0.0
1633387200,0.0
1633387260,0.0
1633387320,0.0
1633387380,0.0
1633387440,0.0
1633387500,0.0
1633387560,0.0
1633387620,0.0
1633387680,0.0
1633387740,0.0
1633387800,0.0
1633387860,0.0
1633387920,0.0
1633387980,0.0
1633388040,0.0
1633388100,0.0
1633388160,0.0
1633388220,0.0
1633388280,0.0
1633388340,0.0
1633388400,0.0
1633388460,0.0
1633388520,0.0
1633388580,0.0
1633388640,0.0
1633388700,0.0
1633388760,0.0
1633388820,0.0
1633388880,0.0
1633388940,0.0
1633389000,0.0
1633389060,0.0
1633389120,0.0
1633389180,0.0
1633389240,0.0
1633389300,0.0
1633389360,0.0
1633389420,0.0
1633389480,0.0
1633389540,0.0
1633389600,0.0
1633389660,0.0
1633389720,0.0
1633389780,0.0
1633389840,0.0
1633389900,0.0
1633389960,0.0
1633390020,0.0
1633390080,0.0
1633390140,0.0
1633390200,0.0
1633390260,0.0
1633390320,0.0
1633390380,0.0
1633390440,0.0
1633390500,0.0
1633390560,0.0
1633390620,0.0
1633390680,0.0
1633390740,34.0
1633390800,35.0
1633390860,0.0
1633390920,0.0
1633390980,0.0
1633391040,0.0
1633391100,0.0
1633391160,0.0
1633391220,0.0
1633391280,0.0
1633391340,0.0
1633391400,0.0
1633391460,0.0
1633391520,0.0
1633391580,0.0
1633391640,0.0
1633391700,0.0
1633391760,0.0
1633391820,0.0
1633391880,0.0
1633391940,0.0
1633392000,0.0
1633392060,0.0
1633392120,0.0
1633392180,0.0
1633392240,0.0
1633392300,0.0
1633392360,0.0
1633392420,0.0
1633392480,0.0
1633392540,0.0
1633392600,0.0
1633392660,0.0
1633392720,0.0
1633392780,0.0
1633392840,0.0
1633392900,0.0
1633392960,0.0
1633393020,0.0
1633393080,0.0
1633393140,0.0
1633393200,0.0
1633393260,0.0
1633393320,0.0
1633393380,0.0
1633393440,0.0
1633393500,0.0
1633393560,0.0
1633393620,0.0
1633393680,0.0
1633393740,0.0
1633393800,0.0
1633393860,0.0
1633393920,0.0
1633393980,0.0
1633394040,0.0
1633394100,0.0
1633394160,0.0
1633394220,0.0
1633394280,0.0
1633394340,0.0
1633394400,0.0
1633394460,0.0
1633394520,0.0
1633394580,0.0
1633394640,0.0
1633394700,0.0
1633394760,0.0
1633394820,0.0
1633394880,0.0
1633394940,0.0
1633395000,0.0
1633395060,0.0
1633395120,0.0
1633395180,0.0
1633395240,0.0
1633395300,0.0
1633395360,0.0
1633395420,0.0
1633395480,0.0
1633395540,0.0
1633395600,0.0
1633395660,0.0
1633395720,0.0
1633395780,0.0
1633395840,0.0
1633395900,0.0
1633395960,0.0
1633396020,0.0
1633396080,0.0
1633396140,0.0
1633396200,0.0
1633396260,0.0
1633396320,0.0
1633396380,0.0
1633396440,0.0
1633396500,0.0
1633396560,0.0
1633396620,0.0
1633396680,0.0
1633396740,0.0
1633396800,0.0
1633396860,0.0
1633396920,0.0
1633396980,0.0
1633397040,0.0
1633397100,0.0
1633397160,0.0
1633397220,0.0
1633397280,0.0
1633397340,0.0
1633397400,0.0
1633397460,0.0
1633397520,0.0
1633397580,0.0
1633397640,0.0
1633397700,0.0
1633397760,0.0
1633397820,0.0
1633397880,0.0
1633397940,0.0
1633398000,0.0
1633398060,0.0
1633398120,0.0
1633398180,0.0
1633398240,0.0
1633398300,0.0
1633398360,0.0
1633398420,0.0
1633398480,0.0
1633398540,0.0
1633398600,0.0
1633398660,0.0
1633398720,0.0
1633398780,0.0
1633398840,0.0
1633398900,0.0
1633398960,0.0
1633399020,0.0
1633399080,0.0
1633399140,0.0
1633399200,0.0
1633399260,0.0
1633399320,0.0
1633399380,0.0
1633399440,0.0
1633399500,0.0
1633399560,0.0
1633399620,0.0
1633399680,0.0
1633399740,0.0
1633399800,0.0
1633399860,0.0
1633399920,0.0
1633399980,0.0
1633400040,0.0
1633400100,0.0
1633400160,0.0
1633400220,0.0
1633400280,0.0
1633400340,0.0
1633400400,0.0
1633400460,0.0
1633400520,0.0
1633400580,0.0
1633400640,0.0
1633400700,0.0
1633400760,0.0
1633400820,0.0
1633400880,0.0
1633400940,0.0
1633401000,0.0
1633401060,0.0
1633401120,0.0
1633401180,0.0
1633401240,0.0
1633401300,0.0
1633401360,0.0
1633401420,0.0
1633401480,0.0
1633401540,0.0
1633401600,0.0
1633401660,0.0
1633401720,0.0
1633401780,0.0
1633401840,0.0
1633401900,0.0
1633401960,0.0
1633402020,0.0
1633402080,0.0
1633402140,0.0
1633402200,0.0
1633402260,0.0
1633402320,0.0
1633402380,0.0
1633402440,0.0
1633402500,0.0
1633402560,0.0
1633402620,0.0
1633402680,0.0
1633402740,0.0
1633402800,0.0
1633402860,0.0
1633402920,0.0
1633402980,0.0
1633403040,0.0
1633403100,0.0
1633403160,0.0
1633403220,0.0
1633403280,0.0
1633403340,0.0
1633403400,0.0
1633403460,0.0
1633403520,0.0
1633403580,0.0
1633403640,0.0
1633403700,0.0
1633403760,0.0
1633403820,0.0
1633403880,0.0
1633403940,0.0
1633404000,0.0
1633404060,0.0
1633404360,0.0
1633404420,0.0
1633404480,0.0
1633404540,0.0
1633404600,0.0
1633404660,0.0
1633404720,0.0
1633404780,0.0
1633404840,0.0
1633404900,0.0
1633404960,0.0
1633405020,0.0
1633405080,0.0
1633405140,0.0
1633405200,0.0
1633405260,0.0
1633405320,0.0
1633405380,0.0
1633405440,0.0
1633405500,0.0
1633405560,0.0
1633405620,0.0
1633405680,0.0
1633405740,0.0
1633405800,0.0
1633405860,0.0
1633405920,0.0
1633405980,0.0
1633406040,0.0
1633406100,0.0
1633406160,0.0
1633406220,0.0
1633406280,0.0
1633406340,0.0
1633406400,0.0
1633406460,0.0
1633406520,0.0
1633406580,0.0
1633406640,0.0
1633406700,0.0
1633406760,0.0
1633406820,0.0
1633406880,0.0
1633406940,0.0
1633407000,0.0
1633407060,0.0
1633407120,0.0
1633407180,0.0
1633407240,0.0
1633407300,0.0
1633407360,0.0
1633407420,0.0
1633407480,0.0
1633407540,0.0
1633407600,0.0
1633407660,0.0
1633407720,0.0
1633407780,0.0
1633407840,0.0
1633407900,0.0
1633407960,0.0
1633408020,0.0
1633408080,0.0
1633408140,0.0
1633408200,0.0
1633408260,0.0
1633408320,0.0
1633408380,0.0
1633408440,0.0
1633408500,0.0
1633408560,0.0
1633408620,0.0
1633408680,0.0
1633408740,0.0
1633408800,0.0
1633408860,0.0
1633408920,0.0
1633408980,0.0
1633409040,0.0
1633409100,0.0
1633409160,0.0
1633409220,0.0
1633409280,0.0
1633409340,0.0
1633409400,0.0
1633409460,0.0
1633409520,0.0
1633409580,0.0
1633409640,0.0
1633409700,0.0
1633409760,0.0
1633409820,0.0
1633409880,0.0
1633409940,0.0
1633410000,0.0
1633410060,0.0
1633410120,0.0
1633410180,0.0
1633410240,0.0
1633410300,0.0
1633410360,0.0
1633410420,0.0
1633410480,0.0
1633410540,0.0
1633410600,0.0
1633410660,0.0
1633410720,0.0
1633410780,0.0
1633410840,0.0
1633410900,0.0
1633410960,0.0
1633411020,0.0
1633411080,0.0
1633411140,0.0
1633411200,0.0
1633411260,0.0
1633411320,0.0
1633411380,0.0
1633411440,0.0
1633411500,0.0
1633411560,0.0
1633411620,0.0
1633411680,0.0
1633411740,0.0
1633411800,0.0
1633411860,0.0
1633411920,0.0
1633411980,0.0
1633412040,0.0
1633412100,0.0
1633412160,0.0
1633412220,0.0
1633412280,0.0
1633412340,0.0
1633412400,0.0
1633412460,0.0
1633412520,0.0
1633412580,0.0
1633412640,0.0
1633412700,0.0
1633412760,0.0
1633412820,0.0
1633412880,0.0
1633412940,0.0
1633413000,0.0
1633413060,0.0
1633413120,0.0
1633413180,0.0
1633413240,0.0
1633413300,0.0
1633413360,0.0
1633413420,0.0
1633413480,0.0
1633413540,0.0
1633413600,0.0
1633413660,0.0
1633413720,0.0
1633413780,0.0
1633413840,0.0
1633413900,0.0
1633413960,0.0
1633414020,0.0
1633414080,0.0
1633414140,0.0
1633414200,0.0
1633414260,0.0
1633414320,0.0
1633414380,0.0
1633414440,0.0
1633414500,0.0
1633414560,0.0
1633414620,0.0
1633414680,0.0
1633414740,0.0
1633414800,0.0
1633414860,0.0
1633414920,0.0
1633414980,0.0
1633415040,0.0
1633415100,0.0
1633415160,0.0
1633415220,0.0
1633415280,0.0
1633415340,0.0
1633415400,0.0
1633415460,0.0
1633415520,0.0
1633415580,0.0
1633415640,0.0
1633415700,0.0
1633415760,0.0
1633415820,0.0
1633415880,0.0
1633415940,0.0
1633416000,0.0
1633416060,0.0
1633416120,0.0
1633416180,0.0
1633416240,0.0
1633416300,0.0
1633416360,0.0
1633416420,0.0
1633416480,0.0
1633416540,0.0
1633416600,0.0
1633416660,0.0
1633416720,0.0
1633416780,0.0
1633416840,0.0
1633416900,0.0
1633416960,0.0
1633417020,0.0
1633417080,0.0
1633417140,0.0
1633417200,0.0
1633417260,0.0
1633417320,0.0
1633417380,0.0
1633417440,0.0
1633417500,0.0
1633417560,0.0
1633417620,0.0
1633417680,0.0
1633417740,0.0
1633417800,0.0
1633417860,0.0
1633417920,0.0
1633417980,0.0
1633418040,0.0
1633418100,0.0
1633418160,0.0
1633418220,0.0
1633418280,0.0
1633418340,0.0
1633418400,0.0
1633418460,0.0
1633418520,0.0
1633418580,0.0
1633418640,0.0
1633418700,0.0
1633418760,0.0
1633418820,0.0
1633418880,0.0
1633418940,0.0
1633419000,0.0
1633419060,0.0
1633419120,0.0
1633419180,0.0
1633419240,0.0
1633419300,0.0
1633419360,0.0
1633419420,0.0
1633419480,0.0
1633419540,0.0
1633419600,0.0
1633419660,0.0
1633419720,0.0
1633419780,0.0
1633419840,0.0
1633419900,0.0
1633419960,0.0
1633420020,0.0
1633420080,0.0
1633420140,0.0
1633420200,0.0
1633420260,0.0
1633420320,0.0
1633420380,0.0
1633420440,0.0
1633420500,0.0
1633420560,0.0
1633420620,0.0
1633420680,0.0
1633420740,0.0
1633420800,0.0
1633420860,0.0
1633420920,0.0
1633420980,0.0
1633421040,0.0
1633421100,0.0
1633421160,0.0
1633421220,0.0
1633421280,0.0
1633421340,0.0
1633421400,0.0
1633421460,0.0
1633421520,0.0
1633421580,0.0
1633421640,0.0
1633421700,0.0
1633421760,0.0
1633421820,0.0
1633421880,0.0
1633421940,0.0
1633422000,0.0
1633422060,0.0
1633422120,0.0
1633422180,0.0
1633422240,0.0
1633422300,0.0
1633422360,0.0
1633422420,0.0
1633422480,0.0
1633422540,0.0
1633422600,0.0
1633422660,0.0
1633422720,0.0
1633422780,0.0
1633422840,0.0
1633422900,0.0
1633422960,0.0
1633423020,0.0
1633423080,0.0
1633423140,0.0
1633423200,0.0
1633423260,0.0
1633423320,0.0
1633423380,0.0
1633423440,0.0
1633423500,0.0
1633423560,0.0
1633423620,0.0
1633423680,0.0
1633423740,0.0
1633423800,0.0
1633423860,0.0
1633423920,0.0
1633423980,0.0
1633424040,0.0
1633424100,0.0
1633424160,0.0
1633424220,0.0
1633424280,0.0
1633424340,0.0
1633424400,0.0
1633424460,0.0
1633424520,0.0
1633424580,0.0
1633424640,0.0
1633424700,0.0
1633424760,0.0
1633424820,0.0
1633424880,0.0
1633424940,0.0
1633425000,0.0
1633425060,0.0
1633425120,0.0
1633425180,0.0
1633425240,0.0
1633425300,0.0
1633425360,0.0
1633425420,0.0
1633425480,0.0
1633425540,0.0
1633425600,0.0
1633425660,0.0
1633425720,0.0
1633425780,0.0
1633425840,0.0
1633425900,0.0
1633425960,0.0
1633426020,0.0
1633426080,0.0
1633426140,0.0
1633426200,0.0
1633426260,0.0
1633426320,0.0
1633426380,0.0
1633426440,0.0
1633426500,0.0
1633426560,0.0
1633426620,0.0
1633426680,0.0
1633426740,0.0
1633426800,0.0
1633426860,0.0
1633426920,0.0
1633426980,0.0
1633427040,0.0
1633427100,0.0
1633427160,0.0
1633427220,0.0
1633427280,0.0
1633427340,0.0
1633427400,0.0
1633427460,0.0
1633427520,0.0
1633427580,0.0
1633427640,0.0
1633427700,0.0
1633427760,0.0
1633427820,0.0
1633427880,0.0
1633427940,0.0
1633428000,0.0
1633428060,0.0
1633428120,0.0
1633428180,0.0
1633428240,0.0
1633428300,0.0
1633428360,0.0
1633428420,0.0
1633428480,0.0
1633428540,0.0
1633428600,0.0
1633428660,0.0
1633428720,0.0
1633428780,0.0
1633428840,0.0
1633428900,0.0
1633428960,0.0
1633429020,0.0
1633429080,0.0
1633429140,0.0
1633429200,0.0
1633429260,0.0
1633429320,0.0
1633429380,0.0
1633429440,0.0
1633429500,0.0
1633429560,0.0
1633429620,0.0
1633429680,0.0
1633429740,0.0
1633429800,0.0
1633429860,0.0
1633429920,0.0
1633429980,0.0
1633430040,0.0
1633430100,0.0
1633430160,0.0
1633430220,0.0
1633430280,0.0
1633430340,0.0
1633430400,0.0
1633430460,0.0
1633430520,0.0
1633430580,0.0
1633430640,0.0
1633430700,0.0
1633430760,0.0
1633430820,0.0
1633430880,0.0
1633430940,0.0
1633431000,0.0
1633431060,0.0
1633431120,0.0
1633431180,0.0
1633431240,0.0
1633431300,0.0
1633431360,0.0
1633431420,0.0
1633431480,0.0
1633431540,0.0
1633431600,0.0
1633431660,0.0
1633431720,0.0
1633431780,0.0
1633431840,0.0
1633431900,0.0
1633431960,0.0
1633432020,0.0
1633432080,0.0
1633432140,0.0
1633432200,0.0
1633432260,0.0
1633432320,0.0
1633432380,0.0
1633432440,0.0
1633432500,0.0
1633432560,0.0
1633432620,0.0
1633432680,0.0
1633432740,0.0
1633432800,0.0
1633432860,0.0
1633432920,0.0
1633432980,0.0
1633433040,0.0
1633433100,0.0
1633433160,0.0
1633433220,0.0
1633433280,0.0
1633433340,0.0
1633433400,0.0
1633433460,0.0
1633433520,0.0
1633433580,0.0
1633433640,0.0
1633433700,0.0
1633433760,0.0
1633433820,0.0
1633433880,0.0
1633433940,0.0
1633434000,0.0
1633434060,0.0
1633434120,0.0
1633434180,0.0
1633434240,0.0
1633434300,0.0
1633434360,0.0
1633434420,0.0
1633434480,0.0
1633434540,0.0
1633434600,0.0
1633434660,0.0
1633434720,0.0
1633434780,0.0
1633434840,0.0
1633434900,0.0
1633434960,0.0
1633435020,0.0
1633435080,0.0
1633435140,0.0
1633435200,0.0
1633435260,0.0
1633435320,0.0
1633435380,0.0
1633435440,0.0
1633435500,0.0
1633435560,0.0
1633435620,0.0
1633435680,0.0
1633435740,0.0
1633435800,0.0
1633435860,0.0
1633435920,0.0
1633435980,0.0
1633436040,0.0
1633436100,0.0
1633436160,0.0
1633436220,0.0
1633436280,0.0
1633436340,0.0
1633436400,0.0
1633436460,0.0
1633436520,0.0
1633436580,0.0
1633436640,0.0
1633436700,0.0
1633436760,0.0
1633436820,0.0
1633436880,0.0
1633436940,0.0
1633437000,0.0
1633437060,0.0
1633437120,0.0
1633437180,0.0
1633437240,0.0
1633437300,0.0
1633437360,0.0
1633437420,0.0
1633437480,0.0
1633437540,0.0
1633437600,0.0
1633437660,0.0
1633437720,0.0
1633437780,0.0
1633437840,0.0
1633437900,0.0
1633437960,0.0
1633438020,0.0
1633438080,0.0
1633438140,0.0
1633438200,0.0
1633438260,0.0
1633438320,0.0
1633438380,0.0
1633438440,0.0
1633438500,0.0
1633438560,0.0
1633438620,0.0
1633438680,0.0
1633438740,0.0
1633438800,0.0
1633438860,0.0
1633438920,0.0
1633438980,0.0
1633439040,0.0
1633439100,0.0
1633439160,0.0
1633439220,0.0
1633439280,0.0
1633439340,0.0
1633439400,0.0
1633439460,0.0
1633439520,0.0
1633439580,0.0
1633439640,0.0
1633439700,0.0
1633439760,0.0
1633439820,0.0
1633439880,0.0
1633439940,0.0
1633440000,0.0
1633440060,0.0
1633440120,0.0
1633440180,0.0
1633440240,0.0
1633440300,0.0
1633440360,0.0
1633440420,0.0
1633440480,0.0
1633440540,0.0
1633440600,0.0
1633440660,0.0
1633440720,0.0
1633440780,0.0
1633440840,0.0
1633440900,0.0
1633440960,0.0
1633441020,0.0
1633441080,0.0
1633441140,0.0
1633441200,0.0
1633441260,0.0
1633441320,0.0
1633441380,0.0
1633441440,0.0
1633441500,0.0
1633441560,0.0
1633441620,0.0
1633441680,0.0
1633441740,0.0
1633441800,0.0
1633441860,0.0
1633441920,0.0
1633441980,0.0
1633442040,0.0
1633442100,0.0
1633442160,0.0
1633442220,0.0
1633442280,0.0
1633442340,0.0
1633442400,0.0
1633442460,0.0
1633442520,0.0
1633442580,0.0
1633442640,0.0
1633442700,0.0
1633442760,0.0
1633442820,0.0
1633442880,0.0
1633442940,0.0
1633443000,0.0
1633443060,0.0
1633443120,0.0
1633443180,0.0
1633443240,0.0
1633443300,0.0
1633443360,0.0
1633443420,0.0
1633443480,0.0
1633443540,0.0
1633443600,0.0
1633443660,0.0
1633443720,0.0
1633443780,0.0
1633443840,0.0
1633443900,0.0
1633443960,0.0
1633444020,0.0
1633444080,0.0
1633444140,0.0
1633444200,0.0
1633444260,0.0
1633444320,0.0
1633444380,0.0
1633444440,0.0
1633444500,0.0
1633444560,0.0
1633444620,0.0
1633444680,0.0
1633444740,0.0
1633444800,0.0
1633444860,0.0
1633444920,0.0
1633444980,0.0
1633445040,0.0
1633445100,0.0
1633445160,0.0
1633445220,0.0
1633445280,0.0
1633445340,0.0
1633445400,0.0
1633445460,0.0
1633445520,0.0
1633445580,0.0
1633445640,0.0
1633445700,0.0
1633445760,0.0
1633445820,0.0
1633445880,0.0
1633445940,0.0
1633446000,0.0
1633446060,0.0
1633446120,0.0
1633446180,0.0
1633446240,0.0
1633446300,0.0
1633446360,0.0
1633446420,0.0
1633446480,0.0
1633446540,0.0
1633446600,0.0
1633446660,0.0
1633446720,0.0
1633446780,0.0
1633446840,0.0
1633446900,0.0
1633446960,0.0
1633447020,0.0
1633447080,0.0
1633447140,0.0
1633447200,0.0
1633447260,0.0
1633447320,0.0
1633447380,0.0
1633447440,0.0
1633447500,0.0
1633447560,0.0
1633447620,0.0
1633447680,0.0
1633447740,0.0
1633447800,0.0
1633447860,0.0
1633447920,0.0
1633447980,0.0
1633448040,0.0
1633448100,0.0
1633448160,0.0
1633448220,0.0
1633448280,0.0
1633448340,0.0
1633448400,0.0
1633448460,0.0
1633448520,0.0
1633448580,0.0
1633448640,0.0
1633448700,0.0
1633448760,0.0
1633448820,0.0
1633448880,0.0
1633448940,0.0
1633449000,0.0
1633449060,0.0
1633449120,0.0
1633449180,0.0
1633449240,0.0
1633449300,0.0
1633449360,0.0
1633449420,0.0
1633449480,0.0
1633449540,0.0
1633449600,0.0
1633449660,0.0
1633449720,0.0
1633449780,0.0
1633449840,0.0
1633449900,0.0
1633449960,0.0
1633450020,0.0
1633450080,0.0
1633450140,0.0
1633450200,0.0
1633450260,0.0
1633450320,0.0
1633450380,0.0
1633450440,0.0
1633450500,0.0
1633450560,0.0
1633450620,0.0
1633450680,0.0
1633450740,0.0
1633450800,0.0
1633450860,0.0
1633450920,0.0
1633450980,0.0
1633451040,0.0
1633451100,0.0
1633451160,0.0
1633451220,0.0
1633451280,0.0
1633451340,0.0
1633451400,0.0
1633451460,0.0
1633451520,0.0
1633451580,0.0
1633451640,0.0
1633451700,0.0
1633451760,0.0
1633451820,0.0
1633451880,0.0
1633451940,0.0
1633452000,0.0
1633452060,0.0
1633452120,0.0
1633452180,0.0
1633452240,0.0
1633452300,0.0
1633452360,0.0
1633452420,0.0
1633452480,0.0
1633452540,0.0
1633452600,0.0
1633452660,0.0
1633452720,0.0
1633452780,0.0
1633452840,0.0
1633452900,0.0
1633452960,0.0
1633453020,0.0
1633453080,36.0
1633453140,37.0
1633453200,37.0
1633453260,36.0
1633453320,10.0
1633453380,0.0
1633453440,0.0
1633453500,0.0
1633453560,0.0
1633453620,0.0
1633453680,0.0
1633453740,0.0
1633453800,0.0
1633453860,0.0
1633453920,0.0
1633453980,0.0
1633454040,0.0
1633454100,0.0
1633454160,0.0
1633454220,0.0
1633454280,0.0
1633454340,0.0
1633454400,0.0
1633454460,0.0
1633454520,0.0
1633454580,0.0
1633454640,0.0
1633454700,0.0
1633454760,0.0
1633454820,0.0
1633454880,0.0
1633454940,0.0
1633455000,0.0
1633455060,0.0
1633455120,0.0
1633455180,0.0
1633455240,0.0
1633455300,0.0
1633455360,0.0
1633455420,0.0
1633455480,0.0
1633455540,0.0
1633455600,0.0
1633455660,0.0
1633455720,0.0
1633455780,0.0
1633455840,0.0
1633455900,0.0
1633455960,0.0
1633456020,0.0
1633456080,0.0
1633456140,0.0
1633456200,0.0
1633456260,0.0
1633456320,0.0
1633456380,0.0
1633456440,0.0
1633456500,0.0
1633456560,0.0
1633456620,0.0
1633456680,0.0
1633456740,0.0
1633456800,0.0
1633456860,0.0
1633456920,0.0
1633456980,0.0
1633457040,0.0
1633457100,0.0
1633457160,0.0
1633457220,0.0
1633457280,0.0
1633457340,0.0
1633457400,0.0
1633457460,0.0
1633457520,0.0
1633457580,0.0
1633457640,0.0
1633457700,0.0
1633457760,0.0
1633457820,0.0
1633457880,0.0
1633457940,0.0
1633458000,0.0
1633458060,0.0
1633458120,0.0
1633458180,0.0
1633458240,0.0
1633458300,0.0
1633458360,0.0
1633458420,0.0
1633458480,0.0
1633458540,0.0
1633458600,0.0
1633458660,0.0
1633458720,0.0
1633458780,0.0
1633458840,0.0
1633458900,0.0
1633458960,0.0
1633459020,0.0
1633459080,0.0
1633459140,0.0
1633459200,0.0
1633459260,0.0
1633459320,0.0
1633459380,0.0
1633459440,0.0
1633459500,0.0
1633459560,0.0
1633459620,0.0
1633459680,0.0
1633459740,0.0
1633459800,0.0
1633459860,0.0
1633459920,0.0
1633459980,0.0
1633460040,0.0
1633460100,0.0
1633460160,0.0
1633460220,0.0
1633460280,0.0
1633460340,0.0
1633460400,0.0
1633460460,0.0
1633460520,0.0
1633460580,0.0
1633460640,0.0
1633460700,0.0
1633460760,0.0
1633460820,0.0
1633460880,0.0
1633460940,0.0
1633461000,0.0
1633461060,0.0
1633461120,0.0
1633461180,0.0
1633461240,0.0
1633461300,0.0
1633461360,0.0
1633461420,0.0
1633461480,0.0
1633461540,0.0
1633461600,0.0
1633461660,0.0
1633461720,0.0
1633461780,0.0
1633461840,0.0
1633461900,0.0
1633461960,0.0
1633462020,0.0
1633462080,0.0
1633462140,0.0
1633462200,0.0
1633462260,0.0
1633462320,0.0
1633462380,0.0
1633462440,0.0
1633462500,0.0
1633462560,0.0
1633462620,0.0
1633462680,0.0
1633462740,0.0
1633462800,0.0
1633462860,0.0
1633462920,0.0
1633462980,0.0
1633463040,0.0
1633463100,0.0
1633463160,0.0
1633463220,0.0
1633463280,0.0
1633463340,0.0
1633463400,0.0
1633463460,0.0
1633463520,0.0
1633463580,0.0
1633463640,0.0
1633463700,0.0
1633463760,0.0
1633463820,0.0
1633463880,0.0
1633463940,0.0
1633464000,0.0
1633464060,0.0
1633464120,0.0
1633464180,0.0
1633464240,0.0
1633464300,0.0
1633464360,0.0
1633464420,0.0
1633464480,0.0
1633464540,0.0
1633464600,0.0
1633464660,0.0
1633464720,0.0
1633464780,0.0
1633464840,0.0
1633464900,0.0
1633464960,0.0
1633465020,0.0
1633465080,0.0
1633465140,0.0
1633465200,0.0
1633465260,0.0
1633465320,0.0
1633465380,0.0
1633465440,0.0
1633465500,0.0
1633465560,0.0
1633465620,0.0
1633465680,0.0
1633465740,0.0
1633465800,0.0
1633465860,0.0
1633465920,0.0
1633465980,0.0
1633466040,0.0
1633466100,0.0
1633466160,0.0
1633466220,0.0
1633466280,0.0
1633466340,0.0
1633466400,0.0
1633466460,0.0
1633466520,0.0
1633466580,0.0
1633466640,0.0
1633466700,0.0
1633466760,0.0
1633466820,0.0
1633466880,0.0
1633466940,0.0
1633467000,0.0
1633467060,0.0
1633467120,0.0
1633467180,0.0
1633467240,0.0
1633467300,0.0
1633467360,0.0
1633467420,0.0
1633467480,0.0
1633467540,0.0
1633467600,0.0
1633467660,0.0
1633467720,0.0
1633467780,0.0
1633467840,0.0
1633467900,0.0
1633467960,0.0
1633468020,0.0
1633468080,0.0
1633468140,0.0
1633468200,0.0
1633468260,0.0
1633468320,0.0
1633468380,0.0
1633468440,0.0
1633468500,0.0
1633468560,0.0
1633468620,0.0
1633468680,0.0
1633468740,0.0
1633468800,0.0
1633468860,0.0
1633468920,0.0
1633468980,0.0
1633469040,0.0
1633469100,0.0
1633469160,0.0
1633469220,0.0
1633469280,0.0
1633469340,0.0
1633469400,0.0
1633469460,0.0
1633469520,0.0
1633469580,0.0
1633469640,0.0
1633469700,0.0
1633469760,0.0
1633469820,0.0
1633469880,0.0
1633469940,0.0
1633470000,0.0
1633470060,0.0
1633470120,0.0
1633470180,0.0
1633470240,0.0
1633470300,0.0
1633470360,0.0
1633470420,0.0
1633470480,0.0
1633470540,0.0
1633470600,0.0
1633470660,0.0
1633470720,0.0
1633470780,0.0
1633470840,0.0
1633470900,0.0
1633470960,0.0
1633471020,0.0
1633471080,0.0
1633471140,0.0
1633471200,0.0
1633471260,0.0
1633471320,0.0
1633471380,0.0
1633471440,0.0
1633471500,0.0
1633471560,0.0
1633471620,0.0
1633471680,0.0
1633471740,0.0
1633471800,0.0
1633471860,0.0
1633471920,0.0
1633471980,0.0
1633472040,0.0
1633472100,0.0
1633472160,0.0
1633472220,0.0
1633472280,0.0
1633472340,0.0
1633472400,0.0
1633472460,0.0
1633472520,0.0
1633472580,0.0
1633472640,0.0
1633472700,0.0
1633472760,0.0
1633472820,0.0
1633472880,0.0
1633472940,0.0
1633473000,0.0
1633473060,0.0
1633473120,0.0
1633473180,0.0
1633473240,0.0
1633473300,0.0
1633473360,0.0
1633473420,0.0
1633473480,0.0
1633473540,0.0
1633473600,0.0
1633473660,0.0
1633473720,0.0
1633473780,0.0
1633473840,0.0
1633473900,0.0
1633473960,0.0
1633474020,0.0
1633474080,0.0
1633474140,0.0
1633474200,0.0
1633474260,0.0
1633474320,0.0
1633474380,0.0
1633474440,0.0
1633474500,0.0
1633474560,0.0
1633474620,0.0
1633474680,0.0
1633474740,0.0
1633474800,0.0
1633474860,0.0
1633474920,0.0
1633474980,0.0
1633475040,0.0
1633475100,0.0
1633475160,0.0
1633475220,0.0
1633475280,0.0
1633475340,0.0
1633475400,0.0
1633475460,0.0
1633475520,0.0
1633475580,0.0
1633475640,0.0
1633475700,0.0
1633475760,0.0
1633475820,0.0
1633475880,0.0
1633475940,0.0
1633476000,0.0
1633476060,0.0
1633476120,0.0
1633476180,0.0
1633476240,0.0
1633476300,0.0
1633476360,0.0
1633476420,0.0
1633476480,0.0
1633476540,0.0
1633476600,0.0
1633476660,0.0
1633476720,0.0
1633476780,0.0
1633476840,0.0
1633476900,0.0
1633476960,0.0
1633477020,0.0
1633477080,0.0
1633477140,0.0
1633477200,0.0
1633477260,0.0
1633477320,0.0
1633477380,0.0
1633477440,0.0
1633477500,0.0
1633477560,0.0
1633477620,0.0
1633477680,0.0
1633477740,0.0
1633477800,0.0
1633477860,0.0
1633477920,0.0
1633477980,0.0
1633478040,0.0
1633478100,0.0
1633478160,0.0
1633478220,0.0
1633478280,0.0
1633478340,0.0
1633478400,0.0
1633478460,0.0
1633478520,0.0
1633478580,0.0
1633478640,0.0
1633478700,0.0
1633478760,0.0
1633478820,0.0
1633478880,0.0
1633478940,0.0
1633479000,0.0
1633479060,0.0
1633479120,0.0
1633479180,0.0
1633479240,0.0
1633479300,0.0
1633479360,0.0
1633479420,0.0
1633479480,0.0
1633479540,0.0
1633479600,0.0
1633479660,0.0
1633479720,0.0
1633479780,0.0
1633479840,0.0
1633479900,0.0
1633479960,0.0
1633480020,0.0
1633480080,0.0
1633480140,0.0
1633480200,0.0
1633480260,0.0
1633480320,0.0
1633480380,0.0
1633480440,0.0
1633480500,0.0
1633480560,0.0
1633480620,0.0
1633480680,0.0
1633480740,0.0
1633480800,0.0
1633480860,0.0
1633480920,0.0
1633480980,0.0
1633481040,0.0
1633481100,0.0
1633481160,0.0
1633481220,0.0
1633481280,0.0
1633481340,0.0
1633481400,0.0
1633481460,0.0
1633481520,0.0
1633481580,0.0
1633481640,0.0
1633481700,0.0
1633481760,0.0
1633481820,0.0
1633481880,0.0
1633481940,0.0
1633482000,0.0
1633482060,0.0
1633482120,0.0
1633482180,0.0
1633482240,0.0
1633482300,0.0
1633482360,0.0
1633482420,0.0
1633482480,0.0
1633482540,0.0
1633482600,0.0
1633482660,0.0
1633482720,0.0
1633482780,0.0
1633482840,0.0
1633482900,0.0
1633482960,0.0
1633483020,0.0
1633483080,0.0
1633483140,0.0
1633483200,0.0
1633483260,0.0
1633483320,0.0
1633483380,0.0
1633483440,0.0
1633483500,0.0
1633483560,0.0
1633483620,0.0
1633483680,0.0
1633483740,0.0
1633483800,0.0
1633483860,0.0
1633483920,0.0
1633483980,0.0
1633484040,0.0
1633484100,0.0
1633484160,0.0
1633484220,0.0
1633484280,0.0
1633484340,0.0
1633484400,0.0
1633484460,0.0
1633484520,0.0
1633484580,0.0
1633484640,0.0
1633484700,0.0
1633484760,0.0
1633484820,0.0
1633484880,0.0
1633484940,0.0
1633485000,0.0
1633485060,0.0
1633485120,0.0
1633485180,0.0
1633485240,0.0
1633485300,0.0
1633485360,0.0
1633485420,0.0
1633485480,0.0
1633485540,0.0
1633485600,0.0
1633485660,0.0
1633485720,0.0
1633485780,0.0
1633485840,0.0
1633485900,0.0
1633485960,0.0
1633486020,0.0
1633486080,0.0
1633486140,0.0
1633486200,0.0
1633486260,0.0
1633486320,0.0
1633486380,0.0
1633486440,0.0
1633486500,0.0
1633486560,0.0
1633486620,0.0
1633486680,0.0
1633486740,0.0
1633486800,0.0
1633486860,0.0
1633486920,0.0
1633486980,0.0
1633487040,0.0
1633487100,0.0
1633487160,0.0
1633487220,0.0
1633487280,0.0
1633487340,0.0
1633487400,0.0
1633487460,0.0
1633487520,0.0
1633487580,0.0
1633487640,0.0
1633487700,0.0
1633487760,0.0
1633487820,0.0
1633487880,0.0
1633487940,0.0
1633488000,0.0
1633488060,0.0
1633488120,0.0
1633488180,0.0
1633488240,0.0
1633488300,0.0
1633488360,0.0
1633488420,0.0
1633488480,0.0
1633488540,0.0
1633488600,0.0
1633488660,0.0
1633488720,0.0
1633488780,0.0
1633488840,0.0
1633488900,0.0
1633488960,0.0
1633489020,0.0
1633489080,0.0
1633489140,0.0
1633489200,0.0
1633489260,0.0
1633489320,0.0
1633489380,0.0
1633489440,0.0
1633489500,0.0
1633489560,0.0
1633489620,0.0
1633489680,0.0
1633489740,0.0
1633489800,0.0
1633489860,0.0
1633489920,0.0
1633489980,0.0
1633490040,0.0
1633490100,0.0
1633490160,0.0
1633490220,0.0
1633490280,0.0
1633490340,0.0
1633490400,0.0
1633490460,0.0
1633490520,0.0
1633490580,0.0
1633490640,0.0
1633490700,0.0
1633490760,0.0
1633490820,0.0
1633490880,0.0
1633490940,0.0
1633491000,0.0
1633491060,0.0
1633491120,0.0
1633491180,0.0
1633491240,0.0
1633491300,0.0
1633491360,0.0
1633491420,0.0
1633491480,0.0
1633491540,0.0
1633491600,0.0
1633491660,0.0
1633491720,0.0
1633491780,0.0
1633491840,0.0
1633491900,0.0
1633491960,0.0
1633492020,0.0
1633492080,0.0
1633492140,0.0
1633492200,0.0
1633492260,0.0
1633492320,0.0
1633492380,0.0
1633492440,0.0
1633492500,0.0
1633492560,0.0
1633492620,0.0
1633492680,0.0
1633492740,0.0
1633492800,0.0
1633492860,0.0
1633492920,0.0
1633492980,0.0
1633493040,0.0
1633493100,0.0
1633493160,0.0
1633493220,0.0
1633493280,0.0
1633493340,0.0
1633493400,0.0
1633493460,0.0
1633493520,0.0
1633493580,0.0
1633493640,0.0
1633493700,0.0
1633493760,0.0
1633493820,0.0
1633493880,0.0
1633493940,0.0
1633494000,0.0
1633494060,0.0
1633494120,0.0
1633494180,0.0
1633494240,0.0
1633494300,0.0
1633494360,0.0
1633494420,0.0
1633494480,0.0
1633494540,0.0
1633494600,0.0
1633494660,0.0
1633494720,0.0
1633494780,0.0
1633494840,0.0
1633494900,0.0
1633494960,0.0
1633495020,0.0
1633495080,0.0
1633495140,0.0
1633495200,0.0
1633495260,0.0
1633495320,0.0
1633495380,0.0
1633495440,0.0
1633495500,0.0
1633495560,0.0
1633495620,0.0
1633495680,0.0
1633495740,0.0
1633495800,0.0
1633495860,0.0
1633495920,0.0
1633495980,0.0
1633496040,0.0
1633496100,0.0
1633496160,0.0
1633496220,0.0
1633496280,0.0
1633496340,0.0
1633496400,0.0
1633496460,0.0
1633496520,0.0
1633496580,0.0
1633496640,0.0
1633496700,0.0
1633496760,0.0
1633496820,0.0
1633496880,0.0
1633496940,0.0
1633497000,0.0
1633497060,0.0
1633497120,0.0
1633497180,0.0
1633497240,0.0
1633497300,0.0
1633497360,0.0
1633497420,0.0
1633497480,0.0
1633497540,0.0
1633497600,0.0
1633497660,0.0
1633497720,0.0
1633497780,0.0
1633497840,0.0
1633497900,0.0
1633497960,0.0
1633498020,0.0
1633498080,0.0
1633498140,0.0
1633498200,0.0
1633498260,0.0
1633498320,0.0
1633498380,0.0
1633498440,0.0
1633498500,0.0
1633498560,0.0
1633498620,0.0
1633498680,0.0
1633498740,0.0
1633498800,0.0
1633498860,0.0
1633498920,0.0
1633498980,0.0
1633499040,0.0
1633499100,0.0
1633499160,0.0
1633499220,0.0
1633499280,0.0
1633499340,0.0
1633499400,0.0
1633499460,0.0
1633499520,0.0
1633499580,0.0
1633499640,0.0
1633499700,0.0
1633499760,0.0
1633499820,0.0
1633499880,0.0
1633499940,0.0
1633500000,0.0
1633500060,0.0
1633500120,0.0
1633500180,0.0
1633500240,0.0
1633500300,0.0
1633500360,0.0
1633500420,0.0
1633500480,0.0
1633500540,0.0
1633500600,0.0
1633500660,0.0
1633500720,0.0
1633500780,0.0
1633500840,0.0
1633500900,0.0
1633500960,0.0
1633501020,0.0
1633501080,0.0
1633501140,0.0
1633501200,0.0
1633501260,0.0
1633501320,0.0
1633501380,0.0
1633501440,0.0
1633501500,0.0
1633501560,0.0
1633501620,0.0
1633501680,0.0
1633501740,0.0
1633501800,0.0
1633501860,0.0
1633501920,0.0
1633501980,0.0
1633502040,0.0
1633502100,0.0
1633502160,0.0
1633502220,0.0
1633502280,0.0
1633502340,0.0
1633502400,0.0
1633502460,0.0
1633502520,0.0
1633502580,0.0
1633502640,0.0
1633502700,0.0
1633502760,0.0
1633502820,0.0
1633502880,0.0
1633502940,0.0
1633503000,0.0
1633503060,0.0
1633503120,0.0
1633503180,0.0
1633503240,0.0
1633503300,0.0
1633503360,0.0
1633503420,0.0
1633503480,0.0
1633503540,0.0
1633503600,0.0
1633503660,0.0
1633503720,0.0
1633503780,0.0
1633503840,0.0
1633503900,0.0
1633503960,0.0
1633504020,0.0
1633504080,0.0
1633504140,0.0
1633504200,0.0
1633504260,0.0
1633504320,0.0
1633504380,0.0
1633504440,0.0
1633504500,0.0
1633504560,0.0
1633504620,0.0
1633504680,0.0
1633504740,0.0
1633504800,0.0
1633504860,0.0
1633504920,0.0
1633504980,0.0
1633505040,0.0
1633505100,0.0
1633505160,0.0
1633505220,0.0
1633505280,0.0
1633505340,0.0
1633505400,0.0
1633505460,0.0
1633505520,0.0
1633505580,0.0
1633505640,0.0
1633505700,0.0
1633505760,0.0
1633505820,0.0
1633505880,0.0
1633505940,0.0
1633506000,0.0
1633506060,0.0
1633506120,0.0
1633506180,0.0
1633506240,0.0
1633506300,0.0
1633506360,0.0
1633506420,0.0
1633506480,0.0
1633506540,0.0
1633506600,0.0
1633506660,0.0
1633506720,0.0
1633506780,0.0
1633506840,0.0
1633506900,0.0
1633506960,0.0
1633507020,0.0
1633507080,0.0
1633507140,0.0
1633507200,0.0
1633507260,0.0
1633507320,0.0
1633507380,0.0
1633507440,0.0
1633507500,0.0
1633507560,0.0
1633507620,0.0
1633507680,0.0
1633507740,0.0
1633507800,0.0
1633507860,0.0
1633507920,0.0
1633507980,0.0
1633508040,0.0
1633508100,0.0
1633508160,0.0
1633508220,0.0
1633508280,0.0
1633508340,0.0
1633508400,0.0
1633508460,0.0
1633508520,0.0
1633508580,0.0
1633508640,0.0
1633508700,0.0
1633508760,0.0
1633508820,0.0
1633508880,0.0
1633508940,0.0
1633509000,0.0
1633509060,0.0
1633509120,0.0
1633509180,0.0
1633509240,0.0
1633509300,0.0
1633509360,0.0
1633509420,0.0
1633509480,0.0
1633509540,0.0
1633509600,0.0
1633509660,0.0
1633509720,0.0
1633509780,0.0
1633509840,0.0
1633509900,0.0
1633509960,0.0
1633510020,0.0
1633510080,0.0
1633510140,0.0
1633510200,0.0
1633510260,0.0
1633510320,0.0
1633510380,0.0
1633510440,0.0
1633510500,0.0
1633510560,0.0
1633510620,0.0
1633510680,0.0
1633510740,0.0
1633510800,0.0
1633510860,0.0
1633510920,0.0
1633510980,0.0
1633511040,0.0
1633511100,0.0
1633511160,0.0
1633511220,0.0
1633511280,0.0
1633511340,0.0
1633511400,0.0
1633511460,0.0
1633511520,0.0
1633511580,0.0
1633511640,0.0
1633511700,0.0
1633511760,0.0
1633511820,0.0
1633511880,0.0
1633511940,0.0
1633512000,0.0
1633512060,0.0
1633512120,0.0
1633512180,0.0
1633512240,0.0
1633512300,0.0
1633512360,0.0
1633512420,0.0
1633512480,0.0
1633512540,0.0
1633512600,0.0
1633512660,0.0
1633512720,0.0
1633512780,0.0
1633512840,0.0
1633512900,0.0
1633512960,0.0
1633513020,0.0
1633513080,0.0
1633513140,0.0
1633513200,0.0
1633513260,0.0
1633513320,0.0
1633513380,0.0
1633513440,0.0
1633513500,0.0
1633513560,0.0
1633513620,0.0
1633513680,0.0
1633513740,0.0
1633513800,0.0
1633513860,0.0
1633513920,0.0
1633513980,0.0
1633514040,0.0
1633514100,0.0
1633514160,0.0
1633514220,0.0
1633514280,0.0
1633514340,0.0
1633514400,0.0
1633514460,0.0
1633514520,0.0
1633514580,0.0
1633514640,0.0
1633514700,0.0
1633514760,0.0
1633514820,0.0
1633514880,0.0
1633514940,0.0
1633515000,0.0
1633515060,0.0
1633515120,0.0
1633515180,0.0
1633515240,0.0
1633515300,0.0
1633515360,0.0
1633515420,0.0
1633515480,0.0
1633515540,0.0
1633515600,0.0
1633515660,0.0
1633515720,0.0
1633515780,0.0
1633515840,0.0
1633515900,0.0
1633515960,0.0
1633516020,0.0
1633516080,0.0
1633516140,0.0
1633516200,0.0
1633516260,0.0
1633516320,0.0
1633516380,0.0
1633516440,0.0
1633516500,0.0
1633516560,0.0
1633516620,0.0
1633516680,0.0
1633516740,0.0
1633516800,0.0
1633516860,0.0
1633516920,0.0
1633516980,0.0
1633517040,0.0
1633517100,0.0
1633517160,0.0
1633517220,0.0
1633517280,0.0
1633517340,0.0
1633517400,0.0
1633517460,0.0
1633517520,0.0
1633517580,0.0
1633517640,0.0
1633517700,0.0
1633517760,0.0
1633517820,0.0
1633517880,0.0
1633517940,0.0
1633518000,0.0
1633518060,0.0
1633518120,0.0
1633518180,0.0
1633518240,0.0
1633518300,0.0
1633518360,0.0
1633518420,0.0
1633518480,0.0
1633518540,0.0
1633518600,0.0
1633518660,0.0
1633518720,0.0
1633518780,0.0
1633518840,0.0
1633518900,0.0
1633518960,0.0
1633519020,0.0
1633519080,0.0
1633519140,0.0
1633519200,0.0
1633519260,0.0
1633519320,0.0
1633519380,0.0
1633519440,0.0
1633519500,0.0
1633519560,0.0
1633519620,0.0
1633519680,0.0
1633519740,0.0
1633519800,0.0
1633519860,0.0
1633519920,0.0
1633519980,0.0
1633520040,0.0
1633520100,0.0
1633520160,0.0
1633520220,0.0
1633520280,0.0
1633520340,0.0
1633520400,0.0
1633520460,0.0
1633520520,0.0
1633520580,0.0
1633520640,0.0
1633520700,0.0
1633520760,0.0
1633520820,0.0
1633520880,0.0
1633520940,0.0
1633521000,0.0
1633521060,0.0
1633521120,0.0
1633521180,0.0
1633521240,0.0
1633521300,0.0
1633521360,0.0
1633521420,0.0
1633521480,0.0
1633521540,0.0
1633521600,0.0
1633521660,0.0
1633521720,0.0
1633521780,0.0
1633521840,0.0
1633521900,0.0
1633521960,0.0
1633522020,0.0
1633522080,0.0
1633522140,0.0
1633522200,0.0
1633522260,0.0
1633522320,0.0
1633522380,0.0
1633522440,0.0
1633522500,0.0
1633522560,0.0
1633522620,0.0
1633522680,0.0
1633522740,0.0
1633522800,0.0
1633522860,0.0
1633522920,0.0
1633522980,0.0
1633523040,0.0
1633523100,0.0
1633523160,0.0
1633523220,0.0
1633523280,0.0
1633523340,0.0
1633523400,0.0
1633523460,0.0
1633523520,0.0
1633523580,0.0
1633523640,0.0
1633523700,0.0
1633523760,0.0
1633523820,0.0
1633523880,0.0
1633523940,0.0
1633524000,0.0
1633524060,0.0
1633524120,0.0
1633524180,0.0
1633524240,0.0
1633524300,0.0
1633524360,0.0
1633524420,0.0
1633524480,0.0
1633524540,0.0
1633524600,0.0
1633524660,0.0
1633524720,0.0
1633524780,0.0
1633524840,0.0
1633524900,0.0
1633524960,0.0
1633525020,0.0
1633525080,0.0
1633525140,0.0
1633525200,0.0
1633525260,0.0
1633525320,0.0
1633525380,0.0
1633525440,0.0
1633525500,0.0
1633525560,0.0
1633525620,0.0
1633525680,0.0
1633525740,0.0
1633525800,0.0
1633525860,0.0
1633525920,0.0
1633525980,0.0
1633526040,0.0
1633526100,0.0
1633526160,0.0
1633526220,0.0
1633526280,0.0
1633526340,0.0
1633526400,0.0
1633526460,0.0
1633526520,0.0
1633526580,0.0
1633526640,0.0
1633526700,0.0
1633526760,0.0
1633526820,0.0
1633526880,0.0
1633526940,0.0
1633527000,0.0
1633527060,0.0
1633527120,0.0
1633527180,0.0
1633527240,0.0
1633527300,0.0
1633527360,0.0
1633527420,0.0
1633527480,0.0
1633527540,0.0
1633527600,0.0
1633527660,0.0
1633527720,0.0
1633527780,0.0
1633527840,0.0
1633527900,0.0
1633527960,0.0
1633528020,0.0
1633528080,0.0
1633528140,0.0
1633528200,0.0
1633528260,0.0
1633528320,0.0
1633528380,0.0
1633528440,0.0
1633528500,0.0
1633528560,0.0
1633528620,0.0
1633528680,0.0
1633528740,0.0
1633528800,0.0
1633528860,0.0
1633528920,0.0
1633528980,0.0
1633529040,0.0
1633529100,0.0
1633529160,0.0
1633529220,0.0
1633529280,0.0
1633529340,0.0
1633529400,0.0
1633529460,0.0
1633529520,0.0
1633529580,0.0
1633529640,0.0
1633529700,0.0
1633529760,0.0
1633529820,0.0
1633529880,0.0
1633529940,0.0
1633530000,0.0
1633530060,0.0
1633530120,0.0
1633530180,0.0
1633530240,0.0
1633530300,0.0
1633530360,0.0
1633530420,0.0
1633530480,0.0
1633530540,0.0
1633530600,0.0
1633530660,0.0
1633530720,0.0
1633530780,0.0
1633530840,0.0
1633530900,0.0
1633530960,0.0
1633531020,0.0
1633531080,0.0
1633531140,0.0
1633531200,0.0
1633531260,0.0
1633531320,0.0
1633531380,0.0
1633531440,0.0
1633531500,0.0
1633531560,0.0
1633531620,0.0
1633531680,0.0
1633531740,0.0
1633531800,0.0
1633531860,0.0
1633531920,0.0
1633531980,0.0
1633532040,0.0
1633532100,0.0
1633532160,0.0
1633532220,0.0
1633532280,0.0
1633532340,0.0
1633532400,0.0
1633532460,0.0
1633532520,0.0
1633532580,0.0
1633532640,0.0
1633532700,0.0
1633532760,0.0
1633532820,0.0
1633532880,0.0
1633532940,0.0
1633533000,0.0
1633533060,0.0
1633533120,0.0
1633533180,0.0
1633533240,0.0
1633533300,0.0
1633533360,0.0
1633533420,0.0
1633533480,0.0
1633533540,0.0
1633533600,0.0
1633533660,0.0
1633533720,0.0
1633533780,0.0
1633533840,0.0
1633533900,0.0
1633533960,0.0
1633534020,0.0
1633534080,0.0
1633534140,0.0
1633534200,0.0
1633534260,0.0
1633534320,0.0
1633534380,0.0
1633534440,0.0
1633534500,0.0
1633534560,0.0
1633534620,0.0
1633534680,0.0
1633534740,0.0
1633534800,0.0
1633534860,0.0
1633534920,0.0
1633534980,0.0
1633535040,0.0
1633535100,0.0
1633535160,0.0
1633535220,0.0
1633535280,0.0
1633535340,0.0
1633535400,0.0
1633535460,0.0
1633535520,0.0
1633535580,0.0
1633535640,0.0
1633535700,0.0
1633535760,0.0
1633535820,0.0
1633535880,0.0
1633535940,0.0
1633536000,0.0
1633536060,0.0
1633536120,0.0
1633536180,0.0
1633536240,0.0
1633536300,0.0
1633536360,0.0
1633536420,0.0
1633536480,0.0
1633536540,0.0
1633536600,0.0
1633536660,0.0
1633536720,0.0
1633536780,0.0
1633536840,0.0
1633536900,0.0
1633536960,0.0
1633537020,0.0
1633537080,0.0
1633537140,0.0
1633537200,0.0
1633537260,0.0
1633537320,0.0
1633537380,0.0
1633537440,0.0
1633537500,0.0
1633537560,0.0
1633537620,0.0
1633537680,0.0
1633537740,0.0
1633537800,0.0
1633537860,0.0
1633537920,0.0
1633537980,0.0
1633538040,0.0
1633538100,0.0
1633538160,0.0
1633538220,0.0
1633538280,0.0
1633538340,0.0
1633538400,0.0
1633538460,0.0
1633538520,0.0
1633538580,0.0
1633538640,0.0
1633538700,0.0
1633538760,0.0
1633538820,0.0
1633538880,0.0
1633538940,0.0
1633539000,0.0
1633539060,0.0
1633539120,0.0
1633539180,0.0
1633539240,0.0
1633539300,0.0
1633539360,0.0
1633539420,0.0
1633539480,0.0
1633539540,0.0
1633539600,0.0
1633539660,0.0
1633539720,0.0
1633539780,0.0
1633539840,0.0
1633539900,0.0
1633539960,0.0
1633540020,0.0
1633540080,0.0
1633540140,0.0
1633540200,0.0
1633540260,0.0
1633540320,0.0
1633540380,0.0
1633540440,0.0
1633540500,0.0
1633540560,0.0
1633540620,0.0
1633540680,0.0
1633540740,0.0
1633540800,0.0
1633540860,0.0
1633540920,0.0
1633540980,0.0
1633541040,0.0
1633541100,0.0
1633541160,0.0
1633541220,0.0
1633541280,0.0
1633541340,0.0
1633541400,0.0
1633541460,0.0
1633541520,0.0
1633541580,0.0
1633541640,0.0
1633541700,0.0
1633541760,0.0
1633541820,0.0
1633541880,0.0
1633541940,0.0
1633542000,0.0
1633542060,0.0
1633542120,0.0
1633542180,0.0
1633542240,0.0
1633542300,0.0
1633542360,0.0
1633542420,0.0
1633542480,0.0
1633542540,0.0
1633542600,0.0
1633542660,0.0
1633542720,0.0
1633542780,0.0
1633542840,0.0
1633542900,0.0
1633542960,0.0
1633543020,0.0
1633543080,0.0
1633543140,0.0
1633543200,0.0
1633543260,0.0
1633543320,0.0
1633543380,14.0
1633543440,36.0
1633543500,36.0
1633543560,15.0
1633543620,0.0
1633543680,0.0
1633543740,0.0
1633543800,0.0
1633543860,0.0
1633543920,0.0
1633543980,4.0
1633544040,11.0
1633544100,14.0
1633544160,16.0
1633544220,14.0
1633544280,12.0
1633544340,13.0
1633544400,12.0
1633544460,13.0
1633544520,12.0
1633544580,13.0
1633544640,12.0
1633544700,13.0
1633544760,12.0
1633544820,12.0
1633544880,13.0
1633544940,13.0
1633545000,12.0
1633545060,13.0
1633545120,13.0
1633545180,7.0
1633545240,0.0
1633545300,0.0
1633545360,0.0
1633545420,0.0
1633545480,0.0
1633545540,0.0
1633545600,0.0
1633545660,0.0
1633545720,0.0
1633545780,0.0
1633545840,0.0
1633545900,0.0
1633545960,1.0
1633546020,0.0
1633546080,0.0
1633546140,0.0
1633546200,0.0
1633546260,0.0
1633546320,0.0
1633546380,1.0
1633546440,0.0
1633546500,0.0
1633546560,0.0
1633546620,1.0
1633546680,0.0
1633546740,0.0
1633546800,0.0
1633546860,0.0
1633546920,0.0
1633546980,0.0
1633547040,0.0
1633547100,0.0
1633547160,0.0
1633547220,0.0
1633547280,0.0
1633547340,0.0
1633547400,0.0
1633547460,0.0
1633547520,0.0
1633547580,0.0
1633547640,0.0
1633547700,0.0
1633547760,0.0
1633547820,0.0
1633547880,0.0
1633547940,0.0
1633548000,0.0
1633548060,0.0
1633548120,0.0
1633548180,0.0
1633548240,0.0
1633548300,0.0
1633548360,0.0
1633548420,0.0
1633548480,0.0
1633548540,0.0
1633548600,0.0
1633548660,0.0
1633548720,0.0
1633548780,0.0
1633548840,0.0
1633548900,0.0
1633548960,0.0
1633549020,0.0
1633549080,0.0
1633549140,0.0
1633549200,0.0
1633549260,0.0
1633549320,0.0
1633549380,0.0
1633549440,0.0
1633549500,0.0
1633549560,0.0
1633549620,0.0
1633549680,0.0
1633549740,0.0
1633549800,0.0
1633549860,0.0
1633549920,0.0
1633549980,0.0
1633550040,0.0
1633550100,0.0
1633550160,0.0
1633550220,0.0
1633550280,0.0
1633550340,0.0
1633550400,0.0
1633550460,0.0
1633550520,0.0
1633550580,0.0
1633550640,0.0
1633550700,0.0
1633550760,0.0
1633550820,0.0
1633550880,0.0
1633550940,0.0
1633551000,1.0
1633551060,24.0
1633551120,25.0
1633551180,25.0
1633551240,25.0
1633551300,25.0
1633551360,25.0
1633551420,24.0
1633551480,24.0
1633551540,25.0
1633551600,25.0
1633551660,25.0
1633551720,25.0
1633551780,25.0
1633551840,22.0
1633551900,24.0
1633551960,20.0
1633552020,22.0
1633552080,21.0
1633552140,17.0
1633552200,25.0
1633552260,7.0
1633552320,0.0
1633552380,0.0
1633552440,0.0
1633552500,0.0
1633552560,0.0
1633552620,0.0
1633552680,0.0
1633552740,0.0
1633552800,0.0
1633552860,0.0
1633552920,0.0
1633552980,0.0
1633553040,0.0
1633553100,0.0
1633553160,0.0
1633553220,0.0
1633553280,0.0
1633553340,0.0
1633553400,0.0
1633553460,0.0
1633553520,0.0
1633553580,0.0
1633553640,0.0
1633553700,0.0
1633553760,0.0
1633553820,0.0
1633553880,0.0
1633553940,0.0
1633554000,0.0
1633554060,0.0
1633554120,0.0
1633554180,0.0
1633554240,0.0
1633554300,0.0
1633554360,0.0
1633554420,0.0
1633554480,0.0
1633554540,0.0
1633554600,0.0
1633554660,0.0
1633554720,0.0
1633554780,0.0
1633554840,0.0
1633554900,0.0
1633554960,0.0
1633555020,0.0
1633555080,0.0
1633555140,0.0
1633555200,0.0
1633555260,0.0
1633555320,0.0
1633555380,0.0
1633555440,0.0
1633555500,0.0
1633555560,0.0
1633555620,0.0
1633555680,0.0
1633555740,0.0
1633555800,0.0
1633555860,0.0
1633555920,0.0
1633555980,0.0
1633556040,0.0
1633556100,0.0
1633556160,0.0
1633556220,0.0
1633556280,0.0
1633556340,0.0
1633556400,0.0
1633556460,0.0
1633556520,0.0
1633556580,0.0
1633556640,0.0
1633556700,0.0
1633556760,0.0
1633556820,0.0
1633556880,0.0
1633556940,0.0
1633557000,0.0
1633557060,0.0
1633557120,0.0
1633557180,0.0
1633557240,0.0
1633557300,0.0
1633557360,0.0
1633557420,0.0
1633557480,0.0
1633557540,0.0
1633557600,0.0
1633557660,0.0
1633557720,0.0
1633557780,0.0
1633557840,0.0
1633557900,0.0
1633557960,0.0
1633558020,0.0
1633558080,0.0
1633558140,0.0
1633558200,0.0
1633558260,0.0
1633558320,0.0
1633558380,0.0
1633558440,0.0
1633558500,0.0
1633558560,0.0
1633558620,0.0
1633558680,0.0
1633558740,0.0
1633558800,0.0
1633558860,0.0
1633558920,0.0
1633558980,0.0
1633559040,0.0
1633559100,0.0
1633559160,0.0
1633559220,0.0
1633559280,0.0
1633559340,0.0
1633559400,0.0
1633559460,0.0
1633559520,0.0
1633559580,0.0
1633559640,0.0
1633559700,0.0
1633559760,0.0
1633559820,0.0
1633559880,0.0
1633559940,0.0
1633560000,0.0
1633560060,0.0
1633560120,0.0
1633560180,0.0
1633560240,0.0
1633560300,0.0
1633560360,0.0
1633560420,0.0
1633560480,0.0
1633560540,0.0
1633560600,0.0
1633560660,0.0
1633560720,0.0
1633560780,0.0
1633560840,0.0
1633560900,0.0
1633560960,0.0
1633561020,0.0
1633561080,0.0
1633561140,0.0
1633561200,0.0
1633561260,0.0
1633561320,0.0
1633561380,0.0
1633561440,0.0
1633561500,0.0
1633561560,0.0
1633561620,0.0
1633561680,0.0
1633561740,0.0
1633561800,0.0
1633561860,0.0
1633561920,0.0
1633561980,0.0
1633562040,0.0
1633562100,0.0
1633562160,0.0
1633562220,0.0
1633562280,0.0
1633562340,0.0
1633562400,0.0
1633562460,0.0
1633562520,0.0
1633562580,0.0
1633562640,0.0
1633562700,0.0
1633562760,0.0
1633562820,0.0
1633562880,0.0
1633562940,0.0
1633563000,0.0
1633563060,0.0
1633563120,0.0
1633563180,0.0
1633563240,0.0
1633563300,0.0
1633563360,0.0
1633563420,0.0
1633563480,0.0
1633563540,0.0
1633563600,0.0
1633563660,0.0
1633563720,0.0
1633563780,0.0
1633563840,0.0
1633563900,0.0
1633563960,0.0
1633564020,0.0
1633564080,0.0
1633564140,0.0
1633564200,0.0
1633564260,0.0
1633564320,0.0
1633564380,0.0
1633564440,0.0
1633564500,0.0
1633564560,0.0
1633564620,0.0
1633564680,0.0
1633564740,0.0
1633564800,0.0
